TPU_70A_Recreus_teplota, 14.9.2023, 12:39
Diameter[mm] 3.000e+01  Thickness[mm] 9.058e-01  Spacer Capacity[pF] 1.000e+00  Spacer Area[mm^2] 0.000e+00
Fixed value(s) :  AC Volt  [Vrms]=1.0000e+00
 Freq. [Hz]	 Temp. [°C]	 Eps'  	 Eps'' 	Rspec.[Ohms cm]	 Zs' [Ohms]	 Zs'' [Ohms]	  Phi [Deg]	  Cp' [F]	 Cp'' [F]
1.00000e+06	2.00000e+01	5.73159e+00	5.15502e-01	3.48690e+06	3.58552e+02	-3.98655e+03	-8.48606e+01	3.96027e-11	-3.56189e-12
7.14286e+05	2.00000e+01	5.85024e+00	4.93105e-01	5.10340e+06	4.61334e+02	-5.47331e+03	-8.51820e+01	4.04225e-11	-3.40713e-12
5.10204e+05	2.00000e+01	5.95820e+00	4.65127e-01	7.57452e+06	5.87936e+02	-7.53136e+03	-8.55363e+01	4.11684e-11	-3.21382e-12
3.64432e+05	2.00000e+01	6.05947e+00	4.33840e-01	1.13691e+07	7.43011e+02	-1.03777e+04	-8.59048e+01	4.18682e-11	-2.99764e-12
2.60308e+05	2.00000e+01	6.15077e+00	4.00998e-01	1.72203e+07	9.33950e+02	-1.43255e+04	-8.62699e+01	4.24990e-11	-2.77071e-12
1.85934e+05	2.00000e+01	6.23353e+00	3.67880e-01	2.62787e+07	1.16880e+03	-1.98046e+04	-8.66225e+01	4.30709e-11	-2.54189e-12
1.32810e+05	2.00000e+01	6.30695e+00	3.34865e-01	4.04175e+07	1.45595e+03	-2.74219e+04	-8.69608e+01	4.35781e-11	-2.31376e-12
9.48645e+04	2.00000e+01	6.37246e+00	3.03282e-01	6.24770e+07	1.80932e+03	-3.80169e+04	-8.72752e+01	4.40308e-11	-2.09554e-12
6.77604e+04	2.00000e+01	6.43131e+00	2.73852e-01	9.68679e+07	2.24659e+03	-5.27605e+04	-8.75618e+01	4.44374e-11	-1.89219e-12
4.84003e+04	2.00000e+01	6.48261e+00	2.46990e-01	1.50364e+08	2.79302e+03	-7.33066e+04	-8.78181e+01	4.47919e-11	-1.70659e-12
3.45716e+04	2.00000e+01	6.52863e+00	2.23002e-01	2.33154e+08	3.48184e+03	-1.01935e+05	-8.80437e+01	4.51099e-11	-1.54084e-12
2.46940e+04	2.00000e+01	6.56976e+00	2.01864e-01	3.60596e+08	4.35842e+03	-1.41847e+05	-8.82401e+01	4.53940e-11	-1.39479e-12
1.76386e+04	2.00000e+01	6.60676e+00	1.83458e-01	5.55484e+08	5.48443e+03	-1.97508e+05	-8.84094e+01	4.56497e-11	-1.26761e-12
1.25990e+04	2.00000e+01	6.64067e+00	1.67758e-01	8.50457e+08	6.95053e+03	-2.75135e+05	-8.85529e+01	4.58840e-11	-1.15913e-12
8.99928e+03	2.00000e+01	6.67140e+00	1.54328e-01	1.29425e+09	8.87034e+03	-3.83455e+05	-8.86748e+01	4.60963e-11	-1.06633e-12
6.42805e+03	2.00000e+01	6.70015e+00	1.43251e-01	1.95206e+09	1.14293e+04	-5.34574e+05	-8.87752e+01	4.62950e-11	-9.89800e-13
4.59147e+03	2.00000e+01	6.72666e+00	1.33980e-01	2.92199e+09	1.48487e+04	-7.45500e+05	-8.88589e+01	4.64781e-11	-9.25741e-13
3.27962e+03	2.00000e+01	6.75152e+00	1.26653e-01	4.32746e+09	1.95076e+04	-1.03990e+06	-8.89253e+01	4.66500e-11	-8.75111e-13
2.34258e+03	2.00000e+01	6.77527e+00	1.20894e-01	6.34701e+09	2.58875e+04	-1.45081e+06	-8.89778e+01	4.68141e-11	-8.35325e-13
1.67328e+03	2.00000e+01	6.79784e+00	1.16839e-01	9.19420e+09	3.47955e+04	-2.02444e+06	-8.90153e+01	4.69700e-11	-8.07308e-13
1.19520e+03	2.00000e+01	6.81971e+00	1.14421e-01	1.31439e+10	4.74005e+04	-2.82516e+06	-8.90388e+01	4.71211e-11	-7.90598e-13
8.53712e+02	2.00000e+01	6.84101e+00	1.13774e-01	1.85061e+10	6.55756e+04	-3.94293e+06	-8.90472e+01	4.72683e-11	-7.86127e-13
6.09794e+02	2.00000e+01	6.86202e+00	1.15026e-01	2.56266e+10	9.22482e+04	-5.50317e+06	-8.90397e+01	4.74135e-11	-7.94779e-13
4.35567e+02	2.00000e+01	6.88297e+00	1.18395e-01	3.48562e+10	1.32121e+05	-7.68089e+06	-8.90145e+01	4.75582e-11	-8.18059e-13
3.11119e+02	2.00000e+01	6.90396e+00	1.24106e-01	4.65535e+10	1.92707e+05	-1.07203e+07	-8.89702e+01	4.77032e-11	-8.57513e-13
2.22228e+02	2.00000e+01	6.92501e+00	1.32690e-01	6.09584e+10	2.86688e+05	-1.49621e+07	-8.89023e+01	4.78487e-11	-9.16827e-13
1.58734e+02	2.00000e+01	6.94591e+00	1.45154e-01	7.80134e+10	4.36398e+05	-2.08824e+07	-8.88028e+01	4.79930e-11	-1.00295e-12
1.13382e+02	2.00000e+01	6.96670e+00	1.63124e-01	9.71875e+10	6.82421e+05	-2.91449e+07	-8.86587e+01	4.81367e-11	-1.12711e-12
8.09869e+01	2.00000e+01	6.98765e+00	1.88641e-01	1.17658e+11	1.09803e+06	-4.06732e+07	-8.84536e+01	4.82815e-11	-1.30342e-12
5.78478e+01	2.00000e+01	7.00888e+00	2.25156e-01	1.38007e+11	1.82315e+06	-5.67528e+07	-8.81600e+01	4.84282e-11	-1.55572e-12
4.13199e+01	2.00000e+01	7.03087e+00	2.75799e-01	1.57731e+11	3.10541e+06	-7.91653e+07	-8.77536e+01	4.85801e-11	-1.90565e-12
2.95142e+01	2.00000e+01	7.05397e+00	3.46459e-01	1.75787e+11	5.42099e+06	-1.10372e+08	-8.71881e+01	4.87397e-11	-2.39388e-12
2.10816e+01	2.00000e+01	7.07880e+00	4.44500e-01	1.91821e+11	9.65407e+06	-1.53744e+08	-8.64069e+01	4.89113e-11	-3.07129e-12
1.50583e+01	2.00000e+01	7.10638e+00	5.80207e-01	2.05737e+11	1.74581e+07	-2.13827e+08	-8.53324e+01	4.91018e-11	-4.00896e-12
1.07559e+01	2.00000e+01	7.13719e+00	7.67938e-01	2.17619e+11	3.19152e+07	-2.96618e+08	-8.38588e+01	4.93147e-11	-5.30610e-12
7.68279e+00	2.00000e+01	7.17301e+00	1.02656e+00	2.27913e+11	5.86174e+07	-4.09586e+08	-8.18555e+01	4.95623e-11	-7.09303e-12
5.48770e+00	2.00000e+01	7.21725e+00	1.38478e+00	2.36537e+11	1.07626e+08	-5.60928e+08	-7.91386e+01	4.98679e-11	-9.56821e-12
3.91979e+00	2.00000e+01	7.27231e+00	1.87752e+00	2.44244e+11	1.95580e+08	-7.57552e+08	-7.55239e+01	5.02483e-11	-1.29728e-11
2.79985e+00	2.00000e+01	7.33999e+00	2.55610e+00	2.51165e+11	3.48106e+08	-9.99607e+08	-7.07997e+01	5.07160e-11	-1.76615e-11
1.99989e+00	2.00000e+01	7.43205e+00	3.49032e+00	2.57513e+11	5.96288e+08	-1.26969e+09	-6.48438e+01	5.13521e-11	-2.41165e-11
1.42850e+00	2.00000e+01	7.57221e+00	4.79165e+00	2.62607e+11	9.62212e+08	-1.52058e+09	-5.76746e+01	5.23205e-11	-3.31081e-11
1.02035e+00	2.00000e+01	7.74914e+00	6.57271e+00	2.68025e+11	1.43706e+09	-1.69428e+09	-4.96959e+01	5.35430e-11	-4.54144e-11
7.28824e-01	2.00000e+01	7.99566e+00	9.00882e+00	2.73767e+11	1.96237e+09	-1.74167e+09	-4.15902e+01	5.52464e-11	-6.22468e-11
5.20588e-01	2.00000e+01	8.41135e+00	1.23450e+01	2.79694e+11	2.44777e+09	-1.66780e+09	-3.42687e+01	5.81186e-11	-8.52986e-11
5.00000e-01	2.00000e+01	8.47400e+00	1.28240e+01	2.80335e+11	2.50050e+09	-1.65231e+09	-3.34564e+01	5.85515e-11	-8.86080e-11
1.00000e+06	2.50000e+01	5.82349e+00	4.78539e-01	3.75624e+06	3.22849e+02	-3.92884e+03	-8.53023e+01	4.02377e-11	-3.30649e-12
7.14286e+05	2.50000e+01	5.93170e+00	4.49375e-01	5.60002e+06	4.09510e+02	-5.40548e+03	-8.56676e+01	4.09853e-11	-3.10498e-12
5.10204e+05	2.50000e+01	6.02719e+00	4.16583e-01	8.45718e+06	5.15263e+02	-7.45490e+03	-8.60462e+01	4.16451e-11	-2.87840e-12
3.64432e+05	2.50000e+01	6.11497e+00	3.82213e-01	1.29047e+07	6.43544e+02	-1.02960e+04	-8.64234e+01	4.22517e-11	-2.64092e-12
2.60308e+05	2.50000e+01	6.19261e+00	3.48306e-01	1.98254e+07	8.01169e+02	-1.42442e+04	-8.67808e+01	4.27881e-11	-2.40664e-12
1.85934e+05	2.50000e+01	6.26187e+00	3.15798e-01	3.06127e+07	9.95196e+02	-1.97335e+04	-8.71129e+01	4.32667e-11	-2.18202e-12
1.32810e+05	2.50000e+01	6.32250e+00	2.84846e-01	4.75148e+07	1.23336e+03	-2.73760e+04	-8.74204e+01	4.36856e-11	-1.96816e-12
9.48645e+04	2.50000e+01	6.37637e+00	2.56459e-01	7.38837e+07	1.52910e+03	-3.80182e+04	-8.76968e+01	4.40578e-11	-1.77202e-12
6.77604e+04	2.50000e+01	6.42461e+00	2.30896e-01	1.14889e+08	1.89914e+03	-5.28430e+04	-8.79417e+01	4.43912e-11	-1.59539e-12
4.84003e+04	2.50000e+01	6.46681e+00	2.08280e-01	1.78310e+08	2.36778e+03	-7.35162e+04	-8.81553e+01	4.46827e-11	-1.43912e-12
3.45716e+04	2.50000e+01	6.50496e+00	1.88656e-01	2.75600e+08	2.96803e+03	-1.02339e+05	-8.83388e+01	4.49463e-11	-1.30353e-12
2.46940e+04	2.50000e+01	6.53942e+00	1.71807e-01	4.23680e+08	3.74492e+03	-1.42541e+05	-8.84950e+01	4.51844e-11	-1.18711e-12
1.76386e+04	2.50000e+01	6.57077e+00	1.57345e-01	6.47670e+08	4.75640e+03	-1.98629e+05	-8.86282e+01	4.54011e-11	-1.08718e-12
1.25990e+04	2.50000e+01	6.59994e+00	1.45145e-01	9.82955e+08	6.08902e+03	-2.76876e+05	-8.87402e+01	4.56026e-11	-1.00289e-12
8.99928e+03	2.50000e+01	6.62673e+00	1.35042e-01	1.47909e+09	7.86780e+03	-3.86085e+05	-8.88326e+01	4.57877e-11	-9.33080e-13
6.42805e+03	2.50000e+01	6.65211e+00	1.26910e-01	2.20341e+09	1.02733e+04	-5.38486e+05	-8.89070e+01	4.59630e-11	-8.76891e-13
4.59147e+03	2.50000e+01	6.67556e+00	1.20490e-01	3.24913e+09	1.35598e+04	-7.51260e+05	-8.89660e+01	4.61251e-11	-8.32533e-13
3.27962e+03	2.50000e+01	6.69813e+00	1.15456e-01	4.74714e+09	1.80687e+04	-1.04825e+06	-8.90125e+01	4.62810e-11	-7.97746e-13
2.34258e+03	2.50000e+01	6.71972e+00	1.12150e-01	6.84190e+09	2.44146e+04	-1.46286e+06	-8.90438e+01	4.64302e-11	-7.74904e-13
1.67328e+03	2.50000e+01	6.74055e+00	1.10563e-01	9.71616e+09	3.34892e+04	-2.04170e+06	-8.90603e+01	4.65741e-11	-7.63938e-13
1.19520e+03	2.50000e+01	6.76103e+00	1.10720e-01	1.35833e+10	4.66675e+04	-2.84972e+06	-8.90618e+01	4.67156e-11	-7.65023e-13
8.53712e+02	2.50000e+01	6.78132e+00	1.12864e-01	1.86553e+10	6.62014e+04	-3.97763e+06	-8.90465e+01	4.68559e-11	-7.79842e-13
6.09794e+02	2.50000e+01	6.80171e+00	1.17141e-01	2.51640e+10	9.56160e+04	-5.55189e+06	-8.90133e+01	4.69967e-11	-8.09390e-13
4.35567e+02	2.50000e+01	6.82217e+00	1.23952e-01	3.32936e+10	1.40793e+05	-7.74907e+06	-8.89591e+01	4.71381e-11	-8.56455e-13
3.11119e+02	2.50000e+01	6.84270e+00	1.33897e-01	4.31492e+10	2.11638e+05	-1.08156e+07	-8.88790e+01	4.72800e-11	-9.25167e-13
2.22228e+02	2.50000e+01	6.86320e+00	1.48158e-01	5.45944e+10	3.25866e+05	-1.50953e+07	-8.87633e+01	4.74216e-11	-1.02370e-12
1.58734e+02	2.50000e+01	6.88357e+00	1.68528e-01	6.71934e+10	5.15804e+05	-2.10681e+07	-8.85975e+01	4.75623e-11	-1.16445e-12
1.13382e+02	2.50000e+01	6.90409e+00	1.97464e-01	8.02859e+10	8.40908e+05	-2.94013e+07	-8.83617e+01	4.77041e-11	-1.36439e-12
8.09869e+01	2.50000e+01	6.92511e+00	2.38253e-01	9.31574e+10	1.41133e+06	-4.10219e+07	-8.80296e+01	4.78493e-11	-1.64622e-12
5.78478e+01	2.50000e+01	6.94690e+00	2.95075e-01	1.05306e+11	2.43025e+06	-5.72150e+07	-8.75678e+01	4.79999e-11	-2.03883e-12
4.13199e+01	2.50000e+01	6.97000e+00	3.74177e-01	1.16261e+11	4.28129e+06	-7.97498e+07	-8.69271e+01	4.81595e-11	-2.58540e-12
2.95142e+01	2.50000e+01	6.99490e+00	4.83821e-01	1.25880e+11	7.68049e+06	-1.11042e+08	-8.60433e+01	4.83316e-11	-3.34298e-12
2.10816e+01	2.50000e+01	7.02260e+00	6.35747e-01	1.34117e+11	1.39705e+07	-1.54321e+08	-8.48272e+01	4.85229e-11	-4.39272e-12
1.50583e+01	2.50000e+01	7.05425e+00	8.45492e-01	1.41184e+11	2.56218e+07	-2.13772e+08	-8.31654e+01	4.87417e-11	-5.84196e-12
1.07559e+01	2.50000e+01	7.09177e+00	1.13588e+00	1.47126e+11	4.71572e+07	-2.94421e+08	-8.09003e+01	4.90009e-11	-7.84843e-12
7.68279e+00	2.50000e+01	7.13751e+00	1.53722e+00	1.52201e+11	8.64574e+07	-4.01434e+08	-7.78458e+01	4.93169e-11	-1.06215e-11
5.48770e+00	2.50000e+01	7.19467e+00	2.08998e+00	1.56725e+11	1.56285e+08	-5.38004e+08	-7.38020e+01	4.97119e-11	-1.44408e-11
3.91979e+00	2.50000e+01	7.26952e+00	2.85317e+00	1.60724e+11	2.74918e+08	-7.00454e+08	-6.85708e+01	5.02291e-11	-1.97141e-11
2.79985e+00	2.50000e+01	7.37126e+00	3.90512e+00	1.64400e+11	4.61692e+08	-8.71484e+08	-6.20864e+01	5.09321e-11	-2.69826e-11
1.99989e+00	2.50000e+01	7.51595e+00	5.35625e+00	1.67804e+11	7.24257e+08	-1.01629e+09	-5.45244e+01	5.19318e-11	-3.70092e-11
1.42850e+00	2.50000e+01	7.70559e+00	7.36401e+00	1.70875e+11	1.04523e+09	-1.09371e+09	-4.62985e+01	5.32421e-11	-5.08820e-11
1.02035e+00	2.50000e+01	8.01880e+00	1.01047e+01	1.74341e+11	1.37080e+09	-1.08783e+09	-3.84346e+01	5.54063e-11	-6.98186e-11
7.28824e-01	2.50000e+01	8.44968e+00	1.38916e+01	1.77540e+11	1.66067e+09	-1.01011e+09	-3.13104e+01	5.83834e-11	-9.59846e-11
5.20588e-01	2.50000e+01	9.11347e+00	1.89672e+01	1.82042e+11	1.89523e+09	-9.10628e+08	-2.56636e+01	6.29699e-11	-1.31055e-10
5.00000e-01	2.50000e+01	9.23461e+00	1.96991e+01	1.82497e+11	1.91726e+09	-8.98782e+08	-2.51165e+01	6.38070e-11	-1.36112e-10
1.00000e+06	3.00000e+01	5.89652e+00	4.31525e-01	4.16548e+06	2.84358e+02	-3.88557e+03	-8.58144e+01	4.07423e-11	-2.98164e-12
7.14286e+05	3.00000e+01	5.99124e+00	3.98197e-01	6.31976e+06	3.56164e+02	-5.35881e+03	-8.61975e+01	4.13967e-11	-2.75136e-12
5.10204e+05	3.00000e+01	6.07265e+00	3.63382e-01	9.69535e+06	4.43283e+02	-7.40791e+03	-8.65756e+01	4.19593e-11	-2.51080e-12
3.64432e+05	3.00000e+01	6.14640e+00	3.28979e-01	1.49929e+07	5.48832e+02	-1.02540e+04	-8.69362e+01	4.24688e-11	-2.27310e-12
2.60308e+05	3.00000e+01	6.21045e+00	2.96677e-01	2.32755e+07	6.79094e+02	-1.42157e+04	-8.72650e+01	4.29114e-11	-2.04990e-12
1.85934e+05	3.00000e+01	6.26739e+00	2.67007e-01	3.62066e+07	8.40570e+02	-1.97304e+04	-8.75605e+01	4.33048e-11	-1.84490e-12
1.32810e+05	3.00000e+01	6.31670e+00	2.39874e-01	5.64230e+07	1.04116e+03	-2.74172e+04	-8.78253e+01	4.36455e-11	-1.65742e-12
9.48645e+04	3.00000e+01	6.36077e+00	2.15843e-01	8.77868e+07	1.29386e+03	-3.81292e+04	-8.80565e+01	4.39500e-11	-1.49138e-12
6.77604e+04	3.00000e+01	6.40060e+00	1.94719e-01	1.36234e+08	1.61421e+03	-5.30607e+04	-8.82575e+01	4.42252e-11	-1.34542e-12
4.84003e+04	3.00000e+01	6.43563e+00	1.76620e-01	2.10273e+08	2.02794e+03	-7.38933e+04	-8.84280e+01	4.44673e-11	-1.22036e-12
3.45716e+04	3.00000e+01	6.46779e+00	1.61116e-01	3.22710e+08	2.56454e+03	-1.02950e+05	-8.85730e+01	4.46895e-11	-1.11324e-12
2.46940e+04	3.00000e+01	6.49719e+00	1.48042e-01	4.91692e+08	3.26955e+03	-1.43492e+05	-8.86947e+01	4.48926e-11	-1.02291e-12
1.76386e+04	3.00000e+01	6.52437e+00	1.37084e-01	7.43399e+08	4.20362e+03	-2.00068e+05	-8.87963e+01	4.50804e-11	-9.47185e-13
1.25990e+04	3.00000e+01	6.54998e+00	1.27925e-01	1.11527e+09	5.44935e+03	-2.79016e+05	-8.88811e+01	4.52574e-11	-8.83903e-13
8.99928e+03	3.00000e+01	6.57372e+00	1.20537e-01	1.65708e+09	7.13698e+03	-3.89229e+05	-8.89495e+01	4.54214e-11	-8.32855e-13
6.42805e+03	3.00000e+01	6.59639e+00	1.14944e-01	2.43280e+09	9.46305e+03	-5.43066e+05	-8.90017e+01	4.55781e-11	-7.94208e-13
4.59147e+03	3.00000e+01	6.61758e+00	1.10671e-01	3.53743e+09	1.26745e+04	-7.57876e+05	-8.90419e+01	4.57245e-11	-7.64683e-13
3.27962e+03	3.00000e+01	6.63829e+00	1.08158e-01	5.06746e+09	1.72336e+04	-1.05773e+06	-8.90666e+01	4.58676e-11	-7.47320e-13
2.34258e+03	3.00000e+01	6.65834e+00	1.07235e-01	7.15550e+09	2.37775e+04	-1.47638e+06	-8.90773e+01	4.60061e-11	-7.40944e-13
1.67328e+03	3.00000e+01	6.67800e+00	1.08176e-01	9.93057e+09	3.33830e+04	-2.06083e+06	-8.90720e+01	4.61419e-11	-7.47444e-13
1.19520e+03	3.00000e+01	6.69758e+00	1.11113e-01	1.35352e+10	4.77246e+04	-2.87670e+06	-8.90495e+01	4.62772e-11	-7.67741e-13
8.53712e+02	3.00000e+01	6.71733e+00	1.16317e-01	1.81016e+10	6.95308e+04	-4.01543e+06	-8.90080e+01	4.64137e-11	-8.03695e-13
6.09794e+02	3.00000e+01	6.73720e+00	1.24189e-01	2.37358e+10	1.03315e+05	-5.60480e+06	-8.89440e+01	4.65510e-11	-8.58089e-13
4.35567e+02	3.00000e+01	6.75722e+00	1.35533e-01	3.04489e+10	1.56909e+05	-7.82299e+06	-8.88509e+01	4.66893e-11	-9.36470e-13
3.11119e+02	3.00000e+01	6.77716e+00	1.51681e-01	3.80901e+10	2.44378e+05	-1.09189e+07	-8.87179e+01	4.68271e-11	-1.04805e-12
2.22228e+02	3.00000e+01	6.79710e+00	1.74554e-01	4.63385e+10	3.91351e+05	-1.52392e+07	-8.85289e+01	4.69649e-11	-1.20609e-12
1.58734e+02	3.00000e+01	6.81723e+00	2.06929e-01	5.47240e+10	6.45515e+05	-2.12663e+07	-8.82614e+01	4.71039e-11	-1.42979e-12
1.13382e+02	3.00000e+01	6.83794e+00	2.52335e-01	6.28276e+10	1.09487e+06	-2.96696e+07	-8.78866e+01	4.72471e-11	-1.74352e-12
8.09869e+01	3.00000e+01	6.85962e+00	3.15662e-01	7.03127e+10	1.90396e+06	-4.13749e+07	-8.73653e+01	4.73969e-11	-2.18108e-12
5.78478e+01	3.00000e+01	6.88277e+00	4.03689e-01	7.69727e+10	3.38153e+06	-5.76540e+07	-8.66433e+01	4.75568e-11	-2.78931e-12
4.13199e+01	3.00000e+01	6.90803e+00	5.25600e-01	8.27668e+10	6.10453e+06	-8.02326e+07	-8.56490e+01	4.77314e-11	-3.63166e-12
2.95142e+01	3.00000e+01	6.93646e+00	6.94181e-01	8.77338e+10	1.11483e+07	-1.11397e+08	-8.42850e+01	4.79278e-11	-4.79648e-12
2.10816e+01	3.00000e+01	6.96929e+00	9.27310e-01	9.19481e+10	2.04972e+07	-1.54049e+08	-8.24209e+01	4.81546e-11	-6.40729e-12
1.50583e+01	3.00000e+01	7.00835e+00	1.24909e+00	9.55658e+10	3.77030e+07	-2.11543e+08	-7.98944e+01	4.84245e-11	-8.63064e-12
1.07559e+01	3.00000e+01	7.05595e+00	1.69380e+00	9.86649e+10	6.88879e+07	-2.86970e+08	-7.65014e+01	4.87534e-11	-1.17034e-11
7.68279e+00	3.00000e+01	7.11676e+00	2.30821e+00	1.01363e+11	1.23630e+08	-3.81181e+08	-7.20304e+01	4.91736e-11	-1.59486e-11
5.48770e+00	3.00000e+01	7.19482e+00	3.15475e+00	1.03828e+11	2.14553e+08	-4.89315e+08	-6.63237e+01	4.97129e-11	-2.17979e-11
3.91979e+00	3.00000e+01	7.30200e+00	4.32421e+00	1.06048e+11	3.52837e+08	-5.95812e+08	-5.93662e+01	5.04535e-11	-2.98783e-11
2.79985e+00	3.00000e+01	7.44992e+00	5.93866e+00	1.08105e+11	5.38253e+08	-6.75227e+08	-5.14401e+01	5.14756e-11	-4.10335e-11
1.99989e+00	3.00000e+01	7.66556e+00	8.16559e+00	1.10072e+11	7.49763e+08	-7.03850e+08	-4.31909e+01	5.29655e-11	-5.64205e-11
1.42850e+00	3.00000e+01	7.97188e+00	1.12365e+01	1.11985e+11	9.54562e+08	-6.77223e+08	-3.53542e+01	5.50820e-11	-7.76394e-11
1.02035e+00	3.00000e+01	8.46226e+00	1.54359e+01	1.14127e+11	1.12451e+09	-6.16475e+08	-2.87323e+01	5.84704e-11	-1.06655e-10
7.28824e-01	3.00000e+01	9.14941e+00	2.11279e+01	1.16733e+11	1.25964e+09	-5.45486e+08	-2.34150e+01	6.32182e-11	-1.45984e-10
5.20588e-01	3.00000e+01	1.01889e+01	2.87742e+01	1.19998e+11	1.36638e+09	-4.83832e+08	-1.94989e+01	7.04006e-11	-1.98817e-10
5.00000e-01	3.00000e+01	1.03450e+01	2.98848e+01	1.20296e+11	1.37657e+09	-4.76519e+08	-1.90940e+01	7.14794e-11	-2.06490e-10
1.00000e+06	3.50000e+01	5.93742e+00	3.81839e-01	4.70751e+06	2.48464e+02	-3.86350e+03	-8.63203e+01	4.10248e-11	-2.63833e-12
7.14286e+05	3.50000e+01	6.01988e+00	3.47181e-01	7.24841e+06	3.07919e+02	-5.33911e+03	-8.66993e+01	4.15946e-11	-2.39886e-12
5.10204e+05	3.50000e+01	6.08806e+00	3.13219e-01	1.12481e+07	3.80513e+02	-7.39605e+03	-8.70548e+01	4.20657e-11	-2.16420e-12
3.64432e+05	3.50000e+01	6.14935e+00	2.81088e-01	1.75474e+07	4.68849e+02	-1.02570e+04	-8.73828e+01	4.24892e-11	-1.94219e-12
2.60308e+05	3.50000e+01	6.20203e+00	2.52160e-01	2.73847e+07	5.79127e+02	-1.42440e+04	-8.76718e+01	4.28532e-11	-1.74231e-12
1.85934e+05	3.50000e+01	6.24907e+00	2.26476e-01	4.26863e+07	7.17519e+02	-1.97982e+04	-8.79244e+01	4.31782e-11	-1.56485e-12
1.32810e+05	3.50000e+01	6.28978e+00	2.03670e-01	6.64526e+07	8.91948e+02	-2.75453e+04	-8.81453e+01	4.34596e-11	-1.40727e-12
9.48645e+04	3.50000e+01	6.32644e+00	1.83951e-01	1.03006e+08	1.11502e+03	-3.83478e+04	-8.83345e+01	4.37128e-11	-1.27102e-12
6.77604e+04	3.50000e+01	6.36030e+00	1.67044e-01	1.58805e+08	1.40272e+03	-5.34094e+04	-8.84956e+01	4.39468e-11	-1.15419e-12
4.84003e+04	3.50000e+01	6.39022e+00	1.52616e-01	2.43346e+08	1.77763e+03	-7.44319e+04	-8.86319e+01	4.41535e-11	-1.05450e-12
3.45716e+04	3.50000e+01	6.41806e+00	1.40558e-01	3.69911e+08	2.27243e+03	-1.03762e+05	-8.87454e+01	4.43458e-11	-9.71189e-13
2.46940e+04	3.50000e+01	6.44390e+00	1.30480e-01	5.57873e+08	2.92986e+03	-1.44695e+05	-8.88400e+01	4.45244e-11	-9.01558e-13
1.76386e+04	3.50000e+01	6.46802e+00	1.22225e-01	8.33771e+08	3.81390e+03	-2.01828e+05	-8.89174e+01	4.46911e-11	-8.44519e-13
1.25990e+04	3.50000e+01	6.49103e+00	1.15540e-01	1.23482e+09	5.01189e+03	-2.81569e+05	-8.89802e+01	4.48500e-11	-7.98326e-13
8.99928e+03	3.50000e+01	6.51251e+00	1.10390e-01	1.80939e+09	6.65998e+03	-3.92908e+05	-8.90289e+01	4.49984e-11	-7.62746e-13
6.42805e+03	3.50000e+01	6.53348e+00	1.06835e-01	2.61745e+09	8.96600e+03	-5.48316e+05	-8.90632e+01	4.51434e-11	-7.38179e-13
4.59147e+03	3.50000e+01	6.55295e+00	1.04937e-01	3.73072e+09	1.22564e+04	-7.65370e+05	-8.90826e+01	4.52779e-11	-7.25063e-13
3.27962e+03	3.50000e+01	6.57243e+00	1.04494e-01	5.24511e+09	1.69855e+04	-1.06835e+06	-8.90891e+01	4.54125e-11	-7.22008e-13
2.34258e+03	3.50000e+01	6.59154e+00	1.06012e-01	7.23802e+09	2.39853e+04	-1.49134e+06	-8.90786e+01	4.55446e-11	-7.32495e-13
1.67328e+03	3.50000e+01	6.61066e+00	1.09634e-01	9.79843e+09	3.45256e+04	-2.08180e+06	-8.90499e+01	4.56767e-11	-7.57524e-13
1.19520e+03	3.50000e+01	6.62982e+00	1.15552e-01	1.30153e+10	5.06494e+04	-2.90602e+06	-8.90015e+01	4.58090e-11	-7.98411e-13
8.53712e+02	3.50000e+01	6.64935e+00	1.24272e-01	1.69429e+10	7.58091e+04	-4.05629e+06	-8.89293e+01	4.59440e-11	-8.58660e-13
6.09794e+02	3.50000e+01	6.66893e+00	1.36669e-01	2.15684e+10	1.16028e+05	-5.66173e+06	-8.88260e+01	4.60793e-11	-9.44320e-13
4.35567e+02	3.50000e+01	6.68846e+00	1.54225e-01	2.67584e+10	1.82217e+05	-7.90239e+06	-8.86791e+01	4.62142e-11	-1.06563e-12
3.11119e+02	3.50000e+01	6.70807e+00	1.79064e-01	3.22653e+10	2.94406e+05	-1.10290e+07	-8.84709e+01	4.63497e-11	-1.23725e-12
2.22228e+02	3.50000e+01	6.72795e+00	2.14081e-01	3.77828e+10	4.89715e+05	-1.53904e+07	-8.81775e+01	4.64871e-11	-1.47920e-12
1.58734e+02	3.50000e+01	6.74849e+00	2.63162e-01	4.30306e+10	8.37239e+05	-2.14701e+07	-8.77668e+01	4.66290e-11	-1.81833e-12
1.13382e+02	3.50000e+01	6.77025e+00	3.31412e-01	4.78366e+10	1.46537e+06	-2.99353e+07	-8.71975e+01	4.67793e-11	-2.28990e-12
8.09869e+01	3.50000e+01	6.79367e+00	4.26183e-01	5.20786e+10	2.61600e+06	-4.17009e+07	-8.64104e+01	4.69412e-11	-2.94473e-12
5.78478e+01	3.50000e+01	6.81965e+00	5.57232e-01	5.57632e+10	4.73921e+06	-5.80005e+07	-8.53288e+01	4.71206e-11	-3.85022e-12
4.13199e+01	3.50000e+01	6.84885e+00	7.38228e-01	5.89279e+10	8.67262e+06	-8.04595e+07	-8.38479e+01	4.73224e-11	-5.10082e-12
2.95142e+01	3.50000e+01	6.88284e+00	9.88229e-01	6.16286e+10	1.59514e+07	-1.11099e+08	-8.18294e+01	4.75573e-11	-6.82821e-12
2.10816e+01	3.50000e+01	6.92334e+00	1.33329e+00	6.39505e+10	2.93053e+07	-1.52173e+08	-7.90995e+01	4.78371e-11	-9.21241e-12
1.50583e+01	3.50000e+01	6.97296e+00	1.80940e+00	6.59723e+10	5.33330e+07	-2.05532e+08	-7.54533e+01	4.81799e-11	-1.25021e-11
1.07559e+01	3.50000e+01	7.03525e+00	2.46732e+00	6.77328e+10	9.50631e+07	-2.71060e+08	-7.06738e+01	4.86104e-11	-1.70480e-11
7.68279e+00	3.50000e+01	7.11650e+00	3.37510e+00	6.93211e+10	1.63116e+08	-3.43934e+08	-6.46267e+01	4.91718e-11	-2.33204e-11
5.48770e+00	3.50000e+01	7.22280e+00	4.62813e+00	7.07742e+10	2.63983e+08	-4.11980e+08	-5.73496e+01	4.99062e-11	-3.19783e-11
3.91979e+00	3.50000e+01	7.37111e+00	6.36396e+00	7.20577e+10	3.94343e+08	-4.56752e+08	-4.91938e+01	5.09310e-11	-4.39721e-11
2.79985e+00	3.50000e+01	7.58133e+00	8.75790e+00	7.33054e+10	5.36978e+08	-4.64838e+08	-4.08813e+01	5.23835e-11	-6.05131e-11
1.99989e+00	3.50000e+01	7.90339e+00	1.20488e+01	7.45965e+10	6.68347e+08	-4.38399e+08	-3.32627e+01	5.46088e-11	-8.32521e-11
1.42850e+00	3.50000e+01	8.40282e+00	1.65983e+01	7.58105e+10	7.73287e+08	-3.91474e+08	-2.68507e+01	5.80596e-11	-1.14686e-10
1.02035e+00	3.50000e+01	9.10543e+00	2.27066e+01	7.75832e+10	8.56463e+08	-3.43444e+08	-2.18509e+01	6.29144e-11	-1.56892e-10
7.28824e-01	3.50000e+01	1.00771e+01	3.09902e+01	7.95837e+10	9.22300e+08	-2.99905e+08	-1.80130e+01	6.96282e-11	-2.14128e-10
5.20588e-01	3.50000e+01	1.14309e+01	4.22572e+01	8.17101e+10	9.75676e+08	-2.63928e+08	-1.51367e+01	7.89822e-11	-2.91978e-10
5.00000e-01	3.50000e+01	1.15764e+01	4.38587e+01	8.19681e+10	9.81964e+08	-2.59188e+08	-1.47859e+01	7.99878e-11	-3.03044e-10
1.00000e+06	4.00000e+01	5.95450e+00	3.33514e-01	5.38961e+06	2.15990e+02	-3.85625e+03	-8.67942e+01	4.11429e-11	-2.30443e-12
7.14286e+05	4.00000e+01	6.02470e+00	3.00138e-01	8.38451e+06	2.65994e+02	-5.33933e+03	-8.71480e+01	4.16280e-11	-2.07382e-12
5.10204e+05	4.00000e+01	6.08138e+00	2.68864e-01	1.31037e+07	3.27573e+02	-7.40929e+03	-8.74685e+01	4.20195e-11	-1.85773e-12
3.64432e+05	4.00000e+01	6.13240e+00	2.40349e-01	2.05217e+07	4.03338e+02	-1.02910e+04	-8.77555e+01	4.23721e-11	-1.66070e-12
2.60308e+05	4.00000e+01	6.17617e+00	2.15456e-01	3.20497e+07	4.99201e+02	-1.43099e+04	-8.80020e+01	4.26745e-11	-1.48870e-12
1.85934e+05	4.00000e+01	6.21567e+00	1.93953e-01	4.98442e+07	6.21310e+02	-1.99113e+04	-8.82127e+01	4.29475e-11	-1.34013e-12
1.32810e+05	4.00000e+01	6.25007e+00	1.75225e-01	7.72403e+07	7.77361e+02	-2.77276e+04	-8.83941e+01	4.31852e-11	-1.21072e-12
9.48645e+04	4.00000e+01	6.28144e+00	1.59292e-01	1.18952e+08	9.79633e+02	-3.86303e+04	-8.85473e+01	4.34019e-11	-1.10064e-12
6.77604e+04	4.00000e+01	6.31089e+00	1.45789e-01	1.81957e+08	1.24368e+03	-5.38360e+04	-8.86766e+01	4.36054e-11	-1.00734e-12
4.84003e+04	4.00000e+01	6.33708e+00	1.34503e-01	2.76115e+08	1.59324e+03	-7.50652e+04	-8.87841e+01	4.37863e-11	-9.29356e-13
3.45716e+04	4.00000e+01	6.36180e+00	1.25152e-01	4.15444e+08	2.05950e+03	-1.04690e+05	-8.88730e+01	4.39571e-11	-8.64746e-13
2.46940e+04	4.00000e+01	6.38499e+00	1.17535e-01	6.19317e+08	2.68830e+03	-1.46040e+05	-8.89454e+01	4.41174e-11	-8.12112e-13
1.76386e+04	4.00000e+01	6.40685e+00	1.11401e-01	9.14780e+08	3.54305e+03	-2.03766e+05	-8.90039e+01	4.42684e-11	-7.69733e-13
1.25990e+04	4.00000e+01	6.42802e+00	1.06790e-01	1.33599e+09	4.72380e+03	-2.84340e+05	-8.90482e+01	4.44147e-11	-7.37871e-13
8.99928e+03	4.00000e+01	6.44784e+00	1.03589e-01	1.92819e+09	6.37582e+03	-3.96860e+05	-8.90796e+01	4.45516e-11	-7.15752e-13
6.42805e+03	4.00000e+01	6.46742e+00	1.02002e-01	2.74146e+09	8.73636e+03	-5.53927e+05	-8.90964e+01	4.46869e-11	-7.04788e-13
4.59147e+03	4.00000e+01	6.48592e+00	1.02239e-01	3.82916e+09	1.21895e+04	-7.73286e+05	-8.90969e+01	4.48147e-11	-7.06424e-13
3.27962e+03	4.00000e+01	6.50454e+00	1.04111e-01	5.26441e+09	1.72783e+04	-1.07949e+06	-8.90830e+01	4.49434e-11	-7.19361e-13
2.34258e+03	4.00000e+01	6.52318e+00	1.08158e-01	7.09442e+09	2.49860e+04	-1.50694e+06	-8.90501e+01	4.50722e-11	-7.47322e-13
1.67328e+03	4.00000e+01	6.54206e+00	1.14700e-01	9.36566e+09	3.68812e+04	-2.10356e+06	-8.89956e+01	4.52027e-11	-7.92528e-13
1.19520e+03	4.00000e+01	6.56114e+00	1.24117e-01	1.21171e+10	5.55456e+04	-2.93627e+06	-8.89163e+01	4.53345e-11	-8.57595e-13
8.53712e+02	4.00000e+01	6.58041e+00	1.37323e-01	1.53326e+10	8.55279e+04	-4.09843e+06	-8.88045e+01	4.54676e-11	-9.48838e-13
6.09794e+02	4.00000e+01	6.59966e+00	1.55912e-01	1.89063e+10	1.35140e+05	-5.72037e+06	-8.86467e+01	4.56006e-11	-1.07728e-12
4.35567e+02	4.00000e+01	6.61895e+00	1.82283e-01	2.26396e+10	2.19864e+05	-7.98357e+06	-8.84225e+01	4.57339e-11	-1.25949e-12
3.11119e+02	4.00000e+01	6.63872e+00	2.19361e-01	2.63380e+10	3.68096e+05	-1.11400e+07	-8.81075e+01	4.58705e-11	-1.51569e-12
2.22228e+02	4.00000e+01	6.65930e+00	2.71132e-01	2.98326e+10	6.32667e+05	-1.55390e+07	-8.76685e+01	4.60127e-11	-1.87340e-12
1.58734e+02	4.00000e+01	6.68121e+00	3.43072e-01	3.30077e+10	1.11232e+06	-2.16621e+07	-8.70605e+01	4.61641e-11	-2.37047e-12
1.13382e+02	4.00000e+01	6.70510e+00	4.42642e-01	3.58158e+10	1.99151e+06	-3.01671e+07	-8.62231e+01	4.63292e-11	-3.05846e-12
8.09869e+01	4.00000e+01	6.73187e+00	5.80045e-01	3.82644e+10	3.61354e+06	-4.19380e+07	-8.50753e+01	4.65142e-11	-4.00784e-12
5.78478e+01	4.00000e+01	6.76250e+00	7.69439e-01	4.03840e+10	6.61389e+06	-5.81286e+07	-8.35088e+01	4.67258e-11	-5.31647e-12
4.13199e+01	4.00000e+01	6.79799e+00	1.03045e+00	4.22167e+10	1.21510e+07	-8.01614e+07	-8.13806e+01	4.69710e-11	-7.11994e-12
2.95142e+01	4.00000e+01	6.84009e+00	1.39035e+00	4.38042e+10	2.22719e+07	-1.09571e+08	-7.85103e+01	4.72619e-11	-9.60670e-12
2.10816e+01	4.00000e+01	6.89117e+00	1.88673e+00	4.51915e+10	4.03831e+07	-1.47497e+08	-7.46882e+01	4.76149e-11	-1.30365e-11
1.50583e+01	4.00000e+01	6.95426e+00	2.57193e+00	4.64127e+10	7.15612e+07	-1.93495e+08	-6.97038e+01	4.80508e-11	-1.77709e-11
1.07559e+01	4.00000e+01	7.03506e+00	3.51953e+00	4.74831e+10	1.21805e+08	-2.43471e+08	-6.34219e+01	4.86090e-11	-2.43184e-11
7.68279e+00	4.00000e+01	7.14058e+00	4.83169e+00	4.84231e+10	1.94880e+08	-2.88007e+08	-5.59157e+01	4.93382e-11	-3.33848e-11
5.48770e+00	4.00000e+01	7.28417e+00	6.63739e+00	4.93495e+10	2.86877e+08	-3.14831e+08	-4.76600e+01	5.03303e-11	-4.58613e-11
3.91979e+00	4.00000e+01	7.48876e+00	9.14929e+00	5.01211e+10	3.84606e+08	-3.14803e+08	-3.93006e+01	5.17440e-11	-6.32174e-11
2.79985e+00	4.00000e+01	7.79376e+00	1.26086e+01	5.09178e+10	4.72101e+08	-2.91820e+08	-3.17215e+01	5.38514e-11	-8.71196e-11
1.99989e+00	4.00000e+01	8.27480e+00	1.73618e+01	5.17689e+10	5.40591e+08	-2.57651e+08	-2.54829e+01	5.71751e-11	-1.19962e-10
1.42850e+00	4.00000e+01	8.94710e+00	2.37957e+01	5.28802e+10	5.93698e+08	-2.23228e+08	-2.06061e+01	6.18204e-11	-1.64418e-10
1.02035e+00	4.00000e+01	9.89198e+00	3.25544e+01	5.41142e+10	6.34829e+08	-1.92899e+08	-1.69019e+01	6.83491e-11	-2.24936e-10
7.28824e-01	4.00000e+01	1.11623e+01	4.44221e+01	5.55200e+10	6.69204e+08	-1.68156e+08	-1.41051e+01	7.71262e-11	-3.06936e-10
5.20588e-01	4.00000e+01	1.26283e+01	6.05834e+01	5.69931e+10	6.99924e+08	-1.45895e+08	-1.17744e+01	8.72556e-11	-4.18604e-10
5.00000e-01	4.00000e+01	1.28040e+01	6.28807e+01	5.71720e+10	7.03460e+08	-1.43241e+08	-1.15094e+01	8.84696e-11	-4.34477e-10
1.00000e+06	4.50000e+01	5.95455e+00	2.90518e-01	6.18726e+06	1.88283e+02	-3.85913e+03	-8.72068e+01	4.11433e-11	-2.00734e-12
7.14286e+05	4.50000e+01	6.01332e+00	2.60339e-01	9.66628e+06	2.31738e+02	-5.35268e+03	-8.75210e+01	4.15493e-11	-1.79882e-12
5.10204e+05	4.50000e+01	6.06087e+00	2.32579e-01	1.51481e+07	2.85422e+02	-7.43794e+03	-8.78024e+01	4.18779e-11	-1.60701e-12
3.64432e+05	4.50000e+01	6.10424e+00	2.07956e-01	2.37183e+07	3.52338e+02	-1.03424e+04	-8.80488e+01	4.21775e-11	-1.43688e-12
2.60308e+05	4.50000e+01	6.14129e+00	1.86909e-01	3.69448e+07	4.38119e+02	-1.43953e+04	-8.82568e+01	4.24335e-11	-1.29146e-12
1.85934e+05	4.50000e+01	6.17555e+00	1.69070e-01	5.71799e+07	5.48784e+02	-2.00452e+04	-8.84318e+01	4.26702e-11	-1.16820e-12
1.32810e+05	4.50000e+01	6.20526e+00	1.53802e-01	8.79990e+07	6.92331e+02	-2.79327e+04	-8.85802e+01	4.28755e-11	-1.06270e-12
9.48645e+04	4.50000e+01	6.23282e+00	1.40948e-01	1.34433e+08	8.80512e+02	-3.89368e+04	-8.87045e+01	4.30660e-11	-9.73889e-13
6.77604e+04	4.50000e+01	6.25909e+00	1.30111e-01	2.03884e+08	1.12849e+03	-5.42871e+04	-8.88091e+01	4.32475e-11	-8.99005e-13
4.84003e+04	4.50000e+01	6.28253e+00	1.21225e-01	3.06358e+08	1.46112e+03	-7.57229e+04	-8.88946e+01	4.34094e-11	-8.37611e-13
3.45716e+04	4.50000e+01	6.30503e+00	1.13967e-01	4.56219e+08	1.90947e+03	-1.05639e+05	-8.89645e+01	4.35649e-11	-7.87458e-13
2.46940e+04	4.50000e+01	6.32625e+00	1.08238e-01	6.72509e+08	2.52197e+03	-1.47403e+05	-8.90198e+01	4.37115e-11	-7.47878e-13
1.76386e+04	4.50000e+01	6.34636e+00	1.03965e-01	9.80210e+08	3.36999e+03	-2.05715e+05	-8.90615e+01	4.38505e-11	-7.18352e-13
1.25990e+04	4.50000e+01	6.36608e+00	1.01040e-01	1.41203e+09	4.55693e+03	-2.87113e+05	-8.90907e+01	4.39867e-11	-6.98137e-13
8.99928e+03	4.50000e+01	6.38463e+00	9.97086e-02	2.00323e+09	6.25919e+03	-4.00794e+05	-8.91053e+01	4.41149e-11	-6.88941e-13
6.42805e+03	4.50000e+01	6.40342e+00	1.00131e-01	2.79269e+09	8.74842e+03	-5.59465e+05	-8.91041e+01	4.42447e-11	-6.91859e-13
4.59147e+03	4.50000e+01	6.42103e+00	1.02388e-01	3.82359e+09	1.24551e+04	-7.81096e+05	-8.90865e+01	4.43664e-11	-7.07452e-13
3.27962e+03	4.50000e+01	6.43930e+00	1.06764e-01	5.13359e+09	1.80791e+04	-1.09041e+06	-8.90501e+01	4.44927e-11	-7.37693e-13
2.34258e+03	4.50000e+01	6.45776e+00	1.13705e-01	6.74831e+09	2.68014e+04	-1.52215e+06	-8.89913e+01	4.46202e-11	-7.85652e-13
1.67328e+03	4.50000e+01	6.47650e+00	1.23614e-01	8.69029e+09	4.05540e+04	-2.12474e+06	-8.89065e+01	4.47496e-11	-8.54119e-13
1.19520e+03	4.50000e+01	6.49527e+00	1.37461e-01	1.09409e+10	6.27656e+04	-2.96579e+06	-8.87876e+01	4.48793e-11	-9.49792e-13
8.53712e+02	4.50000e+01	6.51424e+00	1.56977e-01	1.34129e+10	9.97504e+04	-4.13946e+06	-8.86196e+01	4.50105e-11	-1.08464e-12
6.09794e+02	4.50000e+01	6.53337e+00	1.84492e-01	1.59776e+10	1.63133e+05	-5.77702e+06	-8.83825e+01	4.51426e-11	-1.27475e-12
4.35567e+02	4.50000e+01	6.55303e+00	2.23066e-01	1.85005e+10	2.74386e+05	-8.06066e+06	-8.80504e+01	4.52784e-11	-1.54128e-12
3.11119e+02	4.50000e+01	6.57377e+00	2.76785e-01	2.08737e+10	4.73356e+05	-1.12424e+07	-8.75890e+01	4.54218e-11	-1.91246e-12
2.22228e+02	4.50000e+01	6.59611e+00	3.51343e-01	2.30219e+10	8.34634e+05	-1.56694e+07	-8.69510e+01	4.55761e-11	-2.42762e-12
1.58734e+02	4.50000e+01	6.62093e+00	4.54122e-01	2.49360e+10	1.49622e+06	-2.18144e+07	-8.60763e+01	4.57476e-11	-3.13777e-12
1.13382e+02	4.50000e+01	6.64904e+00	5.95539e-01	2.66206e+10	2.71488e+06	-3.03109e+07	-8.48818e+01	4.59419e-11	-4.11491e-12
8.09869e+01	4.50000e+01	6.68128e+00	7.89846e-01	2.81004e+10	4.96308e+06	-4.19825e+07	-8.32579e+01	4.61646e-11	-5.45748e-12
5.78478e+01	4.50000e+01	6.71886e+00	1.05697e+00	2.93981e+10	9.09786e+06	-5.78324e+07	-8.10598e+01	4.64243e-11	-7.30321e-12
4.13199e+01	4.50000e+01	6.76287e+00	1.42454e+00	3.05378e+10	1.66253e+07	-7.89272e+07	-7.81050e+01	4.67283e-11	-9.84291e-12
2.95142e+01	4.50000e+01	6.81510e+00	1.93170e+00	3.15283e+10	3.00451e+07	-1.06000e+08	-7.41749e+01	4.70892e-11	-1.33471e-11
2.10816e+01	4.50000e+01	6.87854e+00	2.63200e+00	3.23953e+10	5.30175e+07	-1.38558e+08	-6.90612e+01	4.75276e-11	-1.81859e-11
1.50583e+01	4.50000e+01	6.95675e+00	3.60056e+00	3.31533e+10	8.97589e+07	-1.73426e+08	-6.26356e+01	4.80680e-11	-2.48782e-11
1.07559e+01	4.50000e+01	7.05776e+00	4.94222e+00	3.38144e+10	1.42568e+08	-2.03595e+08	-5.49982e+01	4.87659e-11	-3.41485e-11
7.68279e+00	4.50000e+01	7.19238e+00	6.80504e+00	3.43812e+10	2.08106e+08	-2.19951e+08	-4.65851e+01	4.96961e-11	-4.70197e-11
5.48770e+00	4.50000e+01	7.38663e+00	9.37900e+00	3.49240e+10	2.76208e+08	-2.17534e+08	-3.82229e+01	5.10383e-11	-6.48046e-11
3.91979e+00	4.50000e+01	7.66938e+00	1.29510e+01	3.54083e+10	3.35932e+08	-1.98934e+08	-3.06334e+01	5.29919e-11	-8.94854e-11
2.79985e+00	4.50000e+01	8.10900e+00	1.78640e+01	3.59383e+10	3.81848e+08	-1.73332e+08	-2.44147e+01	5.60295e-11	-1.23432e-10
1.99989e+00	4.50000e+01	8.77355e+00	2.45540e+01	3.66051e+10	4.15966e+08	-1.48631e+08	-1.96626e+01	6.06212e-11	-1.69657e-10
1.42850e+00	4.50000e+01	9.61401e+00	3.36552e+01	3.73887e+10	4.42968e+08	-1.26539e+08	-1.59426e+01	6.64285e-11	-2.32542e-10
1.02035e+00	4.50000e+01	1.07969e+01	4.60743e+01	3.82351e+10	4.64456e+08	-1.08839e+08	-1.31886e+01	7.46018e-11	-3.18352e-10
7.28824e-01	4.50000e+01	1.21672e+01	6.29638e+01	3.91703e+10	4.83877e+08	-9.35051e+07	-1.09371e+01	8.40700e-11	-4.35051e-10
5.20588e-01	4.50000e+01	1.37535e+01	8.64254e+01	3.99517e+10	4.99314e+08	-7.94596e+07	-9.04209e+00	9.50306e-11	-5.97160e-10
5.00000e-01	4.50000e+01	1.39139e+01	8.97804e+01	4.00423e+10	5.01085e+08	-7.76565e+07	-8.80942e+00	9.61385e-11	-6.20342e-10
1.00000e+06	5.00000e+01	5.94691e+00	2.54564e-01	7.06113e+06	1.65497e+02	-3.86620e+03	-8.75489e+01	4.10905e-11	-1.75892e-12
7.14286e+05	5.00000e+01	5.99760e+00	2.27651e-01	1.10542e+07	2.03793e+02	-5.36903e+03	-8.78263e+01	4.14407e-11	-1.57297e-12
5.10204e+05	5.00000e+01	6.03822e+00	2.03512e-01	1.73116e+07	2.51713e+02	-7.46835e+03	-8.80696e+01	4.17213e-11	-1.40617e-12
3.64432e+05	5.00000e+01	6.07575e+00	1.82400e-01	2.70414e+07	3.12025e+02	-1.03935e+04	-8.82804e+01	4.19807e-11	-1.26030e-12
2.60308e+05	5.00000e+01	6.10811e+00	1.64792e-01	4.19033e+07	3.90560e+02	-1.44764e+04	-8.84546e+01	4.22043e-11	-1.13863e-12
1.85934e+05	5.00000e+01	6.13833e+00	1.50042e-01	6.44314e+07	4.93020e+02	-2.01698e+04	-8.85998e+01	4.24131e-11	-1.03672e-12
1.32810e+05	5.00000e+01	6.16467e+00	1.37462e-01	9.84595e+07	6.27026e+02	-2.81199e+04	-8.87226e+01	4.25951e-11	-9.49798e-13
9.48645e+04	5.00000e+01	6.18941e+00	1.27002e-01	1.49196e+08	8.04630e+02	-3.92135e+04	-8.88245e+01	4.27660e-11	-8.77525e-13
6.77604e+04	5.00000e+01	6.21349e+00	1.18323e-01	2.24195e+08	1.04144e+03	-5.46892e+04	-8.89091e+01	4.29324e-11	-8.17557e-13
4.84003e+04	5.00000e+01	6.23482e+00	1.11323e-01	3.33610e+08	1.36245e+03	-7.63063e+04	-8.89771e+01	4.30798e-11	-7.69189e-13
3.45716e+04	5.00000e+01	6.25558e+00	1.05778e-01	4.91535e+08	1.80048e+03	-1.06478e+05	-8.90312e+01	4.32232e-11	-7.30880e-13
2.46940e+04	5.00000e+01	6.27536e+00	1.01687e-01	7.15839e+08	2.40797e+03	-1.48603e+05	-8.90717e+01	4.33599e-11	-7.02608e-13
1.76386e+04	5.00000e+01	6.29420e+00	9.90580e-02	1.02877e+09	3.26444e+03	-2.07424e+05	-8.90984e+01	4.34901e-11	-6.84446e-13
1.25990e+04	5.00000e+01	6.31292e+00	9.78822e-02	1.45758e+09	4.48925e+03	-2.89535e+05	-8.91117e+01	4.36194e-11	-6.76321e-13
8.99928e+03	5.00000e+01	6.33070e+00	9.84301e-02	2.02925e+09	6.28467e+03	-4.04209e+05	-8.91092e+01	4.37423e-11	-6.80107e-13
6.42805e+03	5.00000e+01	6.34886e+00	1.00931e-01	2.77056e+09	8.97046e+03	-5.64269e+05	-8.90892e+01	4.38677e-11	-6.97387e-13
4.59147e+03	5.00000e+01	6.36646e+00	1.05658e-01	3.70526e+09	1.30739e+04	-7.87775e+05	-8.90492e+01	4.39893e-11	-7.30045e-13
3.27962e+03	5.00000e+01	6.38451e+00	1.12768e-01	4.86029e+09	1.94242e+04	-1.09973e+06	-8.89881e+01	4.41141e-11	-7.79175e-13
2.34258e+03	5.00000e+01	6.40297e+00	1.23137e-01	6.23143e+09	2.95215e+04	-1.53509e+06	-8.88983e+01	4.42416e-11	-8.50818e-13
1.67328e+03	5.00000e+01	6.42149e+00	1.37509e-01	7.81218e+09	4.58842e+04	-2.14273e+06	-8.87733e+01	4.43696e-11	-9.50125e-13
1.19520e+03	5.00000e+01	6.44012e+00	1.57775e-01	9.53223e+09	7.32690e+04	-2.99073e+06	-8.85966e+01	4.44983e-11	-1.09015e-12
8.53712e+02	5.00000e+01	6.45910e+00	1.86251e-01	1.13047e+10	1.20352e+05	-4.17375e+06	-8.83483e+01	4.46295e-11	-1.28691e-12
6.09794e+02	5.00000e+01	6.47873e+00	2.26193e-01	1.30319e+10	2.03310e+05	-5.82329e+06	-8.80004e+01	4.47651e-11	-1.56289e-12
4.35567e+02	5.00000e+01	6.49966e+00	2.81770e-01	1.46460e+10	3.52058e+05	-8.12100e+06	-8.75177e+01	4.49097e-11	-1.94691e-12
3.11119e+02	5.00000e+01	6.52274e+00	3.58546e-01	1.61138e+10	6.22040e+05	-1.13163e+07	-8.68537e+01	4.50691e-11	-2.47739e-12
2.22228e+02	5.00000e+01	6.54877e+00	4.63994e-01	1.74325e+10	1.11581e+06	-1.57484e+07	-8.59473e+01	4.52490e-11	-3.20599e-12
1.58734e+02	5.00000e+01	6.57876e+00	6.08397e-01	1.86129e+10	2.02256e+06	-2.18704e+07	-8.47164e+01	4.54562e-11	-4.20374e-12
1.13382e+02	5.00000e+01	6.61354e+00	8.05813e-01	1.96741e+10	3.68803e+06	-3.02687e+07	-8.30532e+01	4.56965e-11	-5.56780e-12
8.09869e+01	5.00000e+01	6.65385e+00	1.07612e+00	2.06251e+10	6.73684e+06	-4.16552e+07	-8.08132e+01	4.59751e-11	-7.43550e-12
5.78478e+01	5.00000e+01	6.70044e+00	1.44727e+00	2.14701e+10	1.22638e+07	-5.67776e+07	-7.78116e+01	4.62970e-11	-9.99997e-12
4.13199e+01	5.00000e+01	6.75434e+00	1.95882e+00	2.22084e+10	2.20785e+07	-7.61303e+07	-7.38273e+01	4.66694e-11	-1.35346e-11
2.95142e+01	5.00000e+01	6.81772e+00	2.66564e+00	2.28475e+10	3.88223e+07	-9.92933e+07	-6.86452e+01	4.71074e-11	-1.84183e-11
2.10816e+01	5.00000e+01	6.89410e+00	3.64424e+00	2.33971e+10	6.54796e+07	-1.23873e+08	-6.21390e+01	4.76351e-11	-2.51800e-11
1.50583e+01	5.00000e+01	6.98814e+00	5.00188e+00	2.38651e+10	1.03600e+08	-1.44740e+08	-5.44062e+01	4.82849e-11	-3.45607e-11
1.07559e+01	5.00000e+01	7.11138e+00	6.88928e+00	2.42577e+10	1.50495e+08	-1.55347e+08	-4.59089e+01	4.91364e-11	-4.76018e-11
7.68279e+00	5.00000e+01	7.28495e+00	9.51102e+00	2.45994e+10	1.98672e+08	-1.52172e+08	-3.74502e+01	5.03357e-11	-6.57168e-11
5.48770e+00	5.00000e+01	7.53877e+00	1.31334e+01	2.49404e+10	2.40390e+08	-1.37987e+08	-2.98565e+01	5.20894e-11	-9.07458e-11
3.91979e+00	5.00000e+01	7.92984e+00	1.81521e+01	2.52628e+10	2.71849e+08	-1.18759e+08	-2.35984e+01	5.47916e-11	-1.25423e-10
2.79985e+00	5.00000e+01	8.51817e+00	2.50319e+01	2.56473e+10	2.94548e+08	-1.00232e+08	-1.87930e+01	5.88567e-11	-1.72959e-10
1.99989e+00	5.00000e+01	9.34063e+00	3.43931e+01	2.61332e+10	3.11879e+08	-8.47015e+07	-1.51942e+01	6.45395e-11	-2.37641e-10
1.42850e+00	5.00000e+01	1.03862e+01	4.71508e+01	2.66872e+10	3.26156e+08	-7.18445e+07	-1.24225e+01	7.17641e-11	-3.25791e-10
1.02035e+00	5.00000e+01	1.16162e+01	6.46360e+01	2.72550e+10	3.38330e+08	-6.08034e+07	-1.01882e+01	8.02623e-11	-4.46606e-10
7.28824e-01	5.00000e+01	1.31089e+01	8.88760e+01	2.77501e+10	3.48030e+08	-5.13331e+07	-8.39041e+00	9.05762e-11	-6.14093e-10
5.20588e-01	5.00000e+01	1.47076e+01	1.22497e+02	2.81870e+10	3.56068e+08	-4.27511e+07	-6.84641e+00	1.01623e-10	-8.46401e-10
5.00000e-01	5.00000e+01	1.48933e+01	1.27369e+02	2.82252e+10	3.56812e+08	-4.17222e+07	-6.66934e+00	1.02906e-10	-8.80061e-10
1.00000e+06	5.50000e+01	5.93793e+00	2.26360e-01	7.94091e+06	1.47662e+02	-3.87351e+03	-8.78169e+01	4.10284e-11	-1.56405e-12
7.14286e+05	5.50000e+01	5.98387e+00	2.02078e-01	1.24532e+07	1.81785e+02	-5.38296e+03	-8.80658e+01	4.13458e-11	-1.39626e-12
5.10204e+05	5.50000e+01	6.01947e+00	1.80964e-01	1.94686e+07	2.25273e+02	-7.49336e+03	-8.82780e+01	4.15918e-11	-1.25038e-12
3.64432e+05	5.50000e+01	6.05288e+00	1.62934e-01	3.02721e+07	2.80885e+02	-1.04347e+04	-8.84581e+01	4.18226e-11	-1.12580e-12
2.60308e+05	5.50000e+01	6.08161e+00	1.47903e-01	4.66881e+07	3.53644e+02	-1.45414e+04	-8.86069e+01	4.20212e-11	-1.02194e-12
1.85934e+05	5.50000e+01	6.10893e+00	1.35420e-01	7.13884e+07	4.49315e+02	-2.02690e+04	-8.87301e+01	4.22099e-11	-9.35692e-13
1.32810e+05	5.50000e+01	6.13280e+00	1.24933e-01	1.08333e+08	5.75862e+02	-2.82683e+04	-8.88330e+01	4.23749e-11	-8.63231e-13
9.48645e+04	5.50000e+01	6.15541e+00	1.16316e-01	1.62903e+08	7.45138e+02	-3.94326e+04	-8.89174e+01	4.25311e-11	-8.03689e-13
6.77604e+04	5.50000e+01	6.17767e+00	1.09305e-01	2.42691e+08	9.73311e+02	-5.50091e+04	-8.89863e+01	4.26849e-11	-7.55250e-13
4.84003e+04	5.50000e+01	6.19750e+00	1.03820e-01	3.57718e+08	1.28603e+03	-7.67688e+04	-8.90403e+01	4.28219e-11	-7.17350e-13
3.45716e+04	5.50000e+01	6.21683e+00	9.97663e-02	5.21155e+08	1.71943e+03	-1.07145e+05	-8.90806e+01	4.29555e-11	-6.89340e-13
2.46940e+04	5.50000e+01	6.23543e+00	9.71292e-02	7.49427e+08	2.32965e+03	-1.49557e+05	-8.91076e+01	4.30840e-11	-6.71119e-13
1.76386e+04	5.50000e+01	6.25331e+00	9.60430e-02	1.06106e+09	3.20664e+03	-2.08783e+05	-8.91201e+01	4.32075e-11	-6.63614e-13
1.25990e+04	5.50000e+01	6.27129e+00	9.66671e-02	1.47590e+09	4.49259e+03	-2.91457e+05	-8.91169e+01	4.33318e-11	-6.67926e-13
8.99928e+03	5.50000e+01	6.28836e+00	9.92116e-02	2.01327e+09	6.42011e+03	-4.06928e+05	-8.90961e+01	4.34497e-11	-6.85507e-13
6.42805e+03	5.50000e+01	6.30624e+00	1.04088e-01	2.68653e+09	9.37629e+03	-5.68070e+05	-8.90544e+01	4.35733e-11	-7.19199e-13
4.59147e+03	5.50000e+01	6.32352e+00	1.11576e-01	3.50872e+09	1.39938e+04	-7.93095e+05	-8.89891e+01	4.36926e-11	-7.70939e-13
3.27962e+03	5.50000e+01	6.34168e+00	1.22233e-01	4.48391e+09	2.13387e+04	-1.10709e+06	-8.88958e+01	4.38181e-11	-8.44578e-13
2.34258e+03	5.50000e+01	6.35993e+00	1.37192e-01	5.59301e+09	3.33349e+04	-1.54533e+06	-8.87642e+01	4.39442e-11	-9.47937e-13
1.67328e+03	5.50000e+01	6.37829e+00	1.58242e-01	6.78861e+09	5.35120e+04	-2.15691e+06	-8.85788e+01	4.40710e-11	-1.09338e-12
1.19520e+03	5.50000e+01	6.39684e+00	1.87864e-01	8.00550e+09	8.84033e+04	-3.01017e+06	-8.83178e+01	4.41993e-11	-1.29805e-12
8.53712e+02	5.50000e+01	6.41645e+00	2.29298e-01	9.18248e+09	1.50077e+05	-4.19962e+06	-8.79534e+01	4.43348e-11	-1.58434e-12
6.09794e+02	5.50000e+01	6.43773e+00	2.86878e-01	1.02752e+10	2.60950e+05	-5.85589e+06	-8.74485e+01	4.44818e-11	-1.98220e-12
4.35567e+02	5.50000e+01	6.46166e+00	3.66133e-01	1.12714e+10	4.62248e+05	-8.15792e+06	-8.67569e+01	4.46471e-11	-2.52982e-12
3.11119e+02	5.50000e+01	6.48929e+00	4.74470e-01	1.21769e+10	8.29740e+05	-1.13483e+07	-8.58182e+01	4.48381e-11	-3.27837e-12
2.22228e+02	5.50000e+01	6.52171e+00	6.21871e-01	1.30068e+10	1.50182e+06	-1.57500e+07	-8.45531e+01	4.50620e-11	-4.29684e-12
1.58734e+02	5.50000e+01	6.55962e+00	8.22230e-01	1.37723e+10	2.73002e+06	-2.17796e+07	-8.28554e+01	4.53240e-11	-5.68123e-12
1.13382e+02	5.50000e+01	6.60348e+00	1.09517e+00	1.44759e+10	4.96570e+06	-2.99413e+07	-8.05834e+01	4.56270e-11	-7.56713e-12
8.09869e+01	5.50000e+01	6.65348e+00	1.46872e+00	1.51118e+10	8.99777e+06	-4.07609e+07	-7.75519e+01	4.59725e-11	-1.01482e-11
5.78478e+01	5.50000e+01	6.70997e+00	1.98305e+00	1.56693e+10	1.61291e+07	-5.45754e+07	-7.35356e+01	4.63629e-11	-1.37020e-11
4.13199e+01	5.50000e+01	6.77415e+00	2.69385e+00	1.61487e+10	2.82563e+07	-7.10553e+07	-6.83140e+01	4.68063e-11	-1.86133e-11
2.95142e+01	5.50000e+01	6.84817e+00	3.67910e+00	1.65538e+10	4.75123e+07	-8.84379e+07	-6.17536e+01	4.73178e-11	-2.54209e-11
2.10816e+01	5.50000e+01	6.93669e+00	5.04816e+00	1.68902e+10	7.49400e+07	-1.02975e+08	-5.39548e+01	4.79294e-11	-3.48805e-11
1.50583e+01	5.50000e+01	7.04693e+00	6.95512e+00	1.71629e+10	1.08525e+08	-1.09957e+08	-4.53757e+01	4.86911e-11	-4.80567e-11
1.07559e+01	5.50000e+01	7.19789e+00	9.60740e+00	1.73948e+10	1.42768e+08	-1.06962e+08	-3.68407e+01	4.97341e-11	-6.63827e-11
7.68279e+00	5.50000e+01	7.42240e+00	1.32979e+01	1.75942e+10	1.71904e+08	-9.59508e+07	-2.91687e+01	5.12854e-11	-9.18821e-11
5.48770e+00	5.50000e+01	7.76420e+00	1.83995e+01	1.78022e+10	1.93644e+08	-8.17139e+07	-2.28787e+01	5.36471e-11	-1.27132e-10
3.91979e+00	5.50000e+01	8.27709e+00	2.54322e+01	1.80312e+10	2.08929e+08	-6.79974e+07	-1.80278e+01	5.71909e-11	-1.75725e-10
2.79985e+00	5.50000e+01	8.99867e+00	3.50460e+01	1.83188e+10	2.20226e+08	-5.65470e+07	-1.44006e+01	6.21767e-11	-2.42152e-10
1.99989e+00	5.50000e+01	9.96419e+00	4.81944e+01	1.86495e+10	2.29187e+08	-4.73843e+07	-1.16813e+01	6.88480e-11	-3.33001e-10
1.42850e+00	5.50000e+01	1.11229e+01	6.62383e+01	1.89969e+10	2.36759e+08	-3.97572e+07	-9.53235e+00	7.68545e-11	-4.57677e-10
1.02035e+00	5.50000e+01	1.24844e+01	9.12740e+01	1.93007e+10	2.42786e+08	-3.32082e+07	-7.78857e+00	8.62617e-11	-6.30662e-10
7.28824e-01	5.50000e+01	1.39790e+01	1.26000e+02	1.95739e+10	2.47779e+08	-2.74896e+07	-6.33074e+00	9.65883e-11	-8.70604e-10
5.20588e-01	5.50000e+01	1.57067e+01	1.74148e+02	1.98270e+10	2.52022e+08	-2.27302e+07	-5.15364e+00	1.08526e-10	-1.20329e-09
5.00000e-01	5.50000e+01	1.59013e+01	1.81239e+02	1.98358e+10	2.52243e+08	-2.21311e+07	-5.01412e+00	1.09871e-10	-1.25228e-09
1.00000e+06	6.00000e+01	5.94334e+00	2.04067e-01	8.80842e+06	1.32914e+02	-3.87104e+03	-8.80335e+01	4.10658e-11	-1.41001e-12
7.14286e+05	6.00000e+01	5.98481e+00	1.82206e-01	1.38114e+07	1.63892e+02	-5.38327e+03	-8.82562e+01	4.13523e-11	-1.25896e-12
5.10204e+05	6.00000e+01	6.01653e+00	1.63567e-01	2.15393e+07	2.03849e+02	-7.49824e+03	-8.84427e+01	4.15715e-11	-1.13017e-12
3.64432e+05	6.00000e+01	6.04680e+00	1.47692e-01	3.33964e+07	2.55153e+02	-1.04465e+04	-8.86008e+01	4.17806e-11	-1.02048e-12
2.60308e+05	6.00000e+01	6.07279e+00	1.34677e-01	5.12731e+07	3.22988e+02	-1.45640e+04	-8.87296e+01	4.19602e-11	-9.30557e-13
1.85934e+05	6.00000e+01	6.09777e+00	1.23970e-01	7.79820e+07	4.12863e+02	-2.03077e+04	-8.88353e+01	4.21328e-11	-8.56576e-13
1.32810e+05	6.00000e+01	6.11967e+00	1.15035e-01	1.17654e+08	5.32549e+02	-2.83307e+04	-8.89231e+01	4.22842e-11	-7.94841e-13
9.48645e+04	6.00000e+01	6.14058e+00	1.07822e-01	1.75736e+08	6.94099e+02	-3.95297e+04	-8.89940e+01	4.24286e-11	-7.45000e-13
6.77604e+04	6.00000e+01	6.16127e+00	1.02065e-01	2.59908e+08	9.13715e+02	-5.51577e+04	-8.90509e+01	4.25715e-11	-7.05220e-13
4.84003e+04	6.00000e+01	6.17960e+00	9.77958e-02	3.79754e+08	1.21847e+03	-7.69934e+04	-8.90933e+01	4.26982e-11	-6.75724e-13
3.45716e+04	6.00000e+01	6.19768e+00	9.50668e-02	5.46918e+08	1.64862e+03	-1.07478e+05	-8.91212e+01	4.28231e-11	-6.56868e-13
2.46940e+04	6.00000e+01	6.21518e+00	9.38869e-02	7.75308e+08	2.26661e+03	-1.50047e+05	-8.91346e+01	4.29441e-11	-6.48716e-13
1.76386e+04	6.00000e+01	6.23207e+00	9.44935e-02	1.07846e+09	3.17647e+03	-2.09496e+05	-8.91313e+01	4.30607e-11	-6.52907e-13
1.25990e+04	6.00000e+01	6.24925e+00	9.70029e-02	1.47079e+09	4.54003e+03	-2.92484e+05	-8.91107e+01	4.31795e-11	-6.70246e-13
8.99928e+03	6.00000e+01	6.26587e+00	1.01892e-01	1.96031e+09	6.64086e+03	-4.08382e+05	-8.90684e+01	4.32943e-11	-7.04026e-13
6.42805e+03	6.00000e+01	6.28349e+00	1.09651e-01	2.55023e+09	9.94878e+03	-5.70110e+05	-8.90003e+01	4.34160e-11	-7.57637e-13
4.59147e+03	6.00000e+01	6.30042e+00	1.20659e-01	3.24458e+09	1.52434e+04	-7.95958e+05	-8.89029e+01	4.35330e-11	-8.33700e-13
3.27962e+03	6.00000e+01	6.31800e+00	1.36326e-01	4.02040e+09	2.39753e+04	-1.11113e+06	-8.87639e+01	4.36545e-11	-9.41949e-13
2.34258e+03	6.00000e+01	6.33572e+00	1.58265e-01	4.84830e+09	3.87434e+04	-1.55099e+06	-8.85691e+01	4.37770e-11	-1.09354e-12
1.67328e+03	6.00000e+01	6.35388e+00	1.89194e-01	5.67800e+09	6.44538e+04	-2.16461e+06	-8.82945e+01	4.39024e-11	-1.30725e-12
1.19520e+03	6.00000e+01	6.37313e+00	2.32484e-01	6.46902e+09	1.10165e+05	-3.01996e+06	-8.79108e+01	4.40354e-11	-1.60636e-12
8.53712e+02	6.00000e+01	6.39459e+00	2.92461e-01	7.19931e+09	1.92573e+05	-4.21056e+06	-8.73814e+01	4.41837e-11	-2.02078e-12
6.09794e+02	6.00000e+01	6.41937e+00	3.74767e-01	7.86550e+09	3.42362e+05	-5.86432e+06	-8.66588e+01	4.43549e-11	-2.58947e-12
4.35567e+02	6.00000e+01	6.44879e+00	4.86591e-01	8.48108e+09	6.15258e+05	-8.15401e+06	-8.56849e+01	4.45582e-11	-3.36213e-12
3.11119e+02	6.00000e+01	6.48422e+00	6.37641e-01	9.06082e+09	1.11205e+06	-1.13085e+07	-8.43837e+01	4.48030e-11	-4.40581e-12
2.22228e+02	6.00000e+01	6.52616e+00	8.41306e-01	9.61430e+09	2.01397e+06	-1.56227e+07	-8.26544e+01	4.50928e-11	-5.81304e-12
1.58734e+02	6.00000e+01	6.57478e+00	1.11697e+00	1.01382e+10	3.64435e+06	-2.14517e+07	-8.03583e+01	4.54288e-11	-7.71773e-12
1.13382e+02	6.00000e+01	6.62936e+00	1.49278e+00	1.06202e+10	6.56748e+06	-2.91659e+07	-7.73100e+01	4.58059e-11	-1.03144e-11
8.09869e+01	6.00000e+01	6.68953e+00	2.00884e+00	1.10487e+10	1.17115e+07	-3.89998e+07	-7.32852e+01	4.62216e-11	-1.38802e-11
5.78478e+01	6.00000e+01	6.75569e+00	2.72174e+00	1.14166e+10	2.04300e+07	-5.07097e+07	-6.80564e+01	4.66787e-11	-1.88060e-11
4.13199e+01	6.00000e+01	6.82870e+00	3.71166e+00	1.17204e+10	3.42522e+07	-6.30171e+07	-6.14743e+01	4.71832e-11	-2.56459e-11
2.95142e+01	6.00000e+01	6.91163e+00	5.08912e+00	1.19673e+10	5.39130e+07	-7.32202e+07	-5.36353e+01	4.77562e-11	-3.51635e-11
2.10816e+01	6.00000e+01	7.01057e+00	7.01058e+00	1.21623e+10	7.79264e+07	-7.79263e+07	-4.50000e+01	4.84398e-11	-4.84399e-11
1.50583e+01	6.00000e+01	7.14118e+00	9.69085e+00	1.23178e+10	1.02297e+08	-7.53824e+07	-3.63865e+01	4.93423e-11	-6.69594e-11
1.07559e+01	6.00000e+01	7.32960e+00	1.34244e+01	1.24489e+10	1.22891e+08	-6.70974e+07	-2.86342e+01	5.06442e-11	-9.27563e-11
7.68279e+00	6.00000e+01	7.61721e+00	1.86144e+01	1.25691e+10	1.37963e+08	-5.64559e+07	-2.22549e+01	5.26315e-11	-1.28617e-10
5.48770e+00	6.00000e+01	8.06635e+00	2.57749e+01	1.27082e+10	1.48321e+08	-4.64177e+07	-1.73777e+01	5.57348e-11	-1.78093e-10
3.91979e+00	6.00000e+01	8.70245e+00	3.56276e+01	1.28713e+10	1.55652e+08	-3.80197e+07	-1.37264e+01	6.01300e-11	-2.46170e-10
2.79985e+00	6.00000e+01	9.56826e+00	4.91632e+01	1.30586e+10	1.61231e+08	-3.13793e+07	-1.10134e+01	6.61123e-11	-3.39695e-10
1.99989e+00	6.00000e+01	1.06677e+01	6.76460e+01	1.32869e+10	1.66132e+08	-2.61989e+07	-8.96168e+00	7.37089e-11	-4.67403e-10
1.42850e+00	6.00000e+01	1.19024e+01	9.33832e+01	1.34748e+10	1.69912e+08	-2.16566e+07	-7.26362e+00	8.22402e-11	-6.45236e-10
1.02035e+00	6.00000e+01	1.34038e+01	1.28916e+02	1.36651e+10	1.73238e+08	-1.80121e+07	-5.93589e+00	9.26145e-11	-8.90754e-10
7.28824e-01	6.00000e+01	1.50304e+01	1.78562e+02	1.38121e+10	1.75749e+08	-1.47937e+07	-4.81152e+00	1.03853e-10	-1.23378e-09
5.20588e-01	6.00000e+01	1.68771e+01	2.47906e+02	1.39280e+10	1.77656e+08	-1.20946e+07	-3.89460e+00	1.16613e-10	-1.71292e-09
5.00000e-01	6.00000e+01	1.70721e+01	2.58060e+02	1.39309e+10	1.77739e+08	-1.17584e+07	-3.78491e+00	1.17960e-10	-1.78308e-09
1.00000e+06	6.50000e+01	5.94628e+00	1.84735e-01	9.73020e+06	1.20229e+02	-3.86996e+03	-8.82205e+01	4.10861e-11	-1.27643e-12
7.14286e+05	6.50000e+01	5.98391e+00	1.65124e-01	1.52401e+07	1.48597e+02	-5.38497e+03	-8.84193e+01	4.13461e-11	-1.14093e-12
5.10204e+05	6.50000e+01	6.01249e+00	1.48616e-01	2.37061e+07	1.85489e+02	-7.50425e+03	-8.85841e+01	4.15436e-11	-1.02687e-12
3.64432e+05	6.50000e+01	6.03990e+00	1.34560e-01	3.66555e+07	2.33021e+02	-1.04595e+04	-8.87237e+01	4.17330e-11	-9.29747e-13
2.60308e+05	6.50000e+01	6.06349e+00	1.23163e-01	5.60665e+07	2.96304e+02	-1.45875e+04	-8.88364e+01	4.18960e-11	-8.50999e-13
1.85934e+05	6.50000e+01	6.08645e+00	1.13859e-01	8.49074e+07	3.80624e+02	-2.03467e+04	-8.89283e+01	4.20546e-11	-7.86711e-13
1.32810e+05	6.50000e+01	6.10641e+00	1.06189e-01	1.27456e+08	4.93759e+02	-2.83937e+04	-8.90037e+01	4.21925e-11	-7.33717e-13
9.48645e+04	6.50000e+01	6.12552e+00	1.00170e-01	1.89159e+08	6.48044e+02	-3.96285e+04	-8.90631e+01	4.23245e-11	-6.92132e-13
6.77604e+04	6.50000e+01	6.14469e+00	9.56512e-02	2.77335e+08	8.60956e+02	-5.53083e+04	-8.91082e+01	4.24570e-11	-6.60906e-13
4.84003e+04	6.50000e+01	6.16161e+00	9.26413e-02	4.00884e+08	1.16102e+03	-7.72201e+04	-8.91386e+01	4.25739e-11	-6.40109e-13
3.45716e+04	6.50000e+01	6.17838e+00	9.12564e-02	5.69755e+08	1.59247e+03	-1.07816e+05	-8.91538e+01	4.26898e-11	-6.30540e-13
2.46940e+04	6.50000e+01	6.19472e+00	9.16748e-02	7.94016e+08	2.22788e+03	-1.50544e+05	-8.91521e+01	4.28027e-11	-6.33431e-13
1.76386e+04	6.50000e+01	6.21059e+00	9.41982e-02	1.08184e+09	3.18849e+03	-2.10220e+05	-8.91310e+01	4.29123e-11	-6.50867e-13
1.25990e+04	6.50000e+01	6.22705e+00	9.91154e-02	1.43944e+09	4.67198e+03	-2.93523e+05	-8.90881e+01	4.30261e-11	-6.84842e-13
8.99928e+03	6.50000e+01	6.24305e+00	1.06932e-01	1.86791e+09	7.02019e+03	-4.09863e+05	-8.90187e+01	4.31367e-11	-7.38851e-13
6.42805e+03	6.50000e+01	6.26008e+00	1.18429e-01	2.36120e+09	1.08252e+04	-5.72210e+05	-8.89162e+01	4.32543e-11	-8.18292e-13
4.59147e+03	6.50000e+01	6.27642e+00	1.34589e-01	2.90877e+09	1.71319e+04	-7.98927e+05	-8.87716e+01	4.33672e-11	-9.29951e-13
3.27962e+03	6.50000e+01	6.29347e+00	1.57156e-01	3.48752e+09	2.78501e+04	-1.11529e+06	-8.85695e+01	4.34850e-11	-1.08588e-12
2.34258e+03	6.50000e+01	6.31097e+00	1.89188e-01	4.05584e+09	4.66645e+04	-1.55664e+06	-8.82829e+01	4.36060e-11	-1.30721e-12
1.67328e+03	6.50000e+01	6.32982e+00	2.33961e-01	4.59156e+09	8.02733e+04	-2.17180e+06	-8.78832e+01	4.37362e-11	-1.61656e-12
1.19520e+03	6.50000e+01	6.35113e+00	2.96049e-01	5.08005e+09	1.41140e+05	-3.02788e+06	-8.73312e+01	4.38834e-11	-2.04557e-12
8.53712e+02	6.50000e+01	6.37667e+00	3.80867e-01	5.52824e+09	2.51824e+05	-4.21618e+06	-8.65819e+01	4.40599e-11	-2.63162e-12
6.09794e+02	6.50000e+01	6.40819e+00	4.95525e-01	5.94870e+09	4.53099e+05	-5.85953e+06	-8.55783e+01	4.42777e-11	-3.42385e-12
4.35567e+02	6.50000e+01	6.44716e+00	6.48963e-01	6.35910e+09	8.17374e+05	-8.12024e+06	-8.42520e+01	4.45469e-11	-4.48404e-12
3.11119e+02	6.50000e+01	6.49427e+00	8.53810e-01	6.76678e+09	1.47334e+06	-1.12065e+07	-8.25102e+01	4.48724e-11	-5.89944e-12
2.22228e+02	6.50000e+01	6.54895e+00	1.12849e+00	7.16758e+09	2.64862e+06	-1.53706e+07	-8.02230e+01	4.52503e-11	-7.79737e-12
1.58734e+02	6.50000e+01	6.60974e+00	1.50035e+00	7.54755e+09	4.73920e+06	-2.08783e+07	-7.72111e+01	4.56703e-11	-1.03668e-11
1.13382e+02	6.50000e+01	6.67543e+00	2.00940e+00	7.88972e+09	8.39974e+06	-2.79048e+07	-7.32475e+01	4.61242e-11	-1.38840e-11
8.09869e+01	6.50000e+01	6.74496e+00	2.71219e+00	8.18344e+09	1.45957e+07	-3.62983e+07	-6.80947e+01	4.66046e-11	-1.87400e-11
5.78478e+01	6.50000e+01	6.81849e+00	3.68820e+00	8.42499e+09	2.44378e+07	-4.51790e+07	-6.15905e+01	4.71127e-11	-2.54838e-11
4.13199e+01	6.50000e+01	6.89757e+00	5.04910e+00	8.61585e+09	3.85201e+07	-5.26223e+07	-5.37955e+01	4.76591e-11	-3.48870e-11
2.95142e+01	6.50000e+01	6.98679e+00	6.95038e+00	8.76256e+09	5.58504e+07	-5.61429e+07	-4.51497e+01	4.82755e-11	-4.80240e-11
2.10816e+01	6.50000e+01	7.09848e+00	9.60779e+00	8.87451e+09	7.35654e+07	-5.43519e+07	-3.64579e+01	4.90472e-11	-6.63855e-11
1.50583e+01	6.50000e+01	7.25266e+00	1.33193e+01	8.96221e+09	8.85811e+07	-4.82344e+07	-2.85693e+01	5.01125e-11	-9.20301e-11
1.07559e+01	6.50000e+01	7.48586e+00	1.84869e+01	9.03980e+09	9.95219e+07	-4.02991e+07	-2.20444e+01	5.17239e-11	-1.27736e-10
7.68279e+00	6.50000e+01	7.85294e+00	2.56712e+01	9.11392e+09	1.06796e+08	-3.26694e+07	-1.70091e+01	5.42602e-11	-1.77377e-10
5.48770e+00	6.50000e+01	8.38796e+00	3.55476e+01	9.21445e+09	1.11850e+08	-2.63927e+07	-1.32769e+01	5.79570e-11	-2.45618e-10
3.91979e+00	6.50000e+01	9.16147e+00	4.92016e+01	9.32028e+09	1.15432e+08	-2.14938e+07	-1.05478e+01	6.33016e-11	-3.39961e-10
2.79985e+00	6.50000e+01	1.01376e+01	6.78902e+01	9.45647e+09	1.18536e+08	-1.77003e+07	-8.49288e+00	7.00465e-11	-4.69091e-10
1.99989e+00	6.50000e+01	1.13740e+01	9.38243e+01	9.57963e+09	1.20980e+08	-1.46660e+07	-6.91206e+00	7.85894e-11	-6.48283e-10
1.42850e+00	6.50000e+01	1.27893e+01	1.29669e+02	9.70412e+09	1.23155e+08	-1.21468e+07	-5.63289e+00	8.83683e-11	-8.95953e-10
1.02035e+00	6.50000e+01	1.43571e+01	1.79733e+02	9.80151e+09	1.24805e+08	-9.96946e+06	-4.56712e+00	9.92013e-11	-1.24187e-09
7.28824e-01	6.50000e+01	1.60958e+01	2.49480e+02	9.88583e+09	1.26156e+08	-8.13926e+06	-3.69145e+00	1.11214e-10	-1.72379e-09
5.20588e-01	6.50000e+01	1.81321e+01	3.46963e+02	9.95161e+09	1.27177e+08	-6.64619e+06	-2.99152e+00	1.25284e-10	-2.39736e-09
5.00000e-01	6.50000e+01	1.83537e+01	3.61287e+02	9.95059e+09	1.27183e+08	-6.46103e+06	-2.90819e+00	1.26816e-10	-2.49633e-09
1.00000e+06	7.00000e+01	5.94091e+00	1.66709e-01	1.07823e+07	1.08713e+02	-3.87415e+03	-8.83926e+01	4.10489e-11	-1.15188e-12
7.14286e+05	7.00000e+01	5.97517e+00	1.49349e-01	1.68498e+07	1.34813e+02	-5.39358e+03	-8.85682e+01	4.12857e-11	-1.03194e-12
5.10204e+05	7.00000e+01	6.00078e+00	1.34821e-01	2.61318e+07	1.68947e+02	-7.51968e+03	-8.87129e+01	4.14627e-11	-9.31553e-13
3.64432e+05	7.00000e+01	6.02580e+00	1.22479e-01	4.02712e+07	2.13111e+02	-1.04848e+04	-8.88356e+01	4.16356e-11	-8.46272e-13
2.60308e+05	7.00000e+01	6.04709e+00	1.12592e-01	6.13302e+07	2.72362e+02	-1.46280e+04	-8.89333e+01	4.17827e-11	-7.77961e-13
1.85934e+05	7.00000e+01	6.06818e+00	1.04749e-01	9.22917e+07	3.52301e+02	-2.04091e+04	-8.90111e+01	4.19283e-11	-7.23766e-13
1.32810e+05	7.00000e+01	6.08632e+00	9.83776e-02	1.37576e+08	4.60482e+02	-2.84886e+04	-8.90740e+01	4.20537e-11	-6.79744e-13
9.48645e+04	7.00000e+01	6.10389e+00	9.35582e-02	2.02528e+08	6.09584e+02	-3.97703e+04	-8.91219e+01	4.21751e-11	-6.46444e-13
6.77604e+04	7.00000e+01	6.12150e+00	9.02888e-02	2.93806e+08	8.18878e+02	-5.55192e+04	-8.91550e+01	4.22968e-11	-6.23854e-13
4.84003e+04	7.00000e+01	6.13702e+00	8.86668e-02	4.18853e+08	1.12016e+03	-7.75309e+04	-8.91723e+01	4.24040e-11	-6.12647e-13
3.45716e+04	7.00000e+01	6.15266e+00	8.88693e-02	5.85059e+08	1.56382e+03	-1.08267e+05	-8.91725e+01	4.25120e-11	-6.14046e-13
2.46940e+04	7.00000e+01	6.16794e+00	9.12512e-02	7.97701e+08	2.23688e+03	-1.51197e+05	-8.91524e+01	4.26177e-11	-6.30505e-13
1.76386e+04	7.00000e+01	6.18294e+00	9.61285e-02	1.06012e+09	3.28295e+03	-2.11158e+05	-8.91093e+01	4.27213e-11	-6.64204e-13
1.25990e+04	7.00000e+01	6.19874e+00	1.03927e-01	1.37280e+09	4.94351e+03	-2.94856e+05	-8.90395e+01	4.28305e-11	-7.18089e-13
8.99928e+03	7.00000e+01	6.21414e+00	1.15454e-01	1.73004e+09	7.64995e+03	-4.11748e+05	-8.89356e+01	4.29369e-11	-7.97732e-13
6.42805e+03	7.00000e+01	6.23054e+00	1.31944e-01	2.11934e+09	1.21741e+04	-5.74872e+05	-8.87868e+01	4.30502e-11	-9.11674e-13
4.59147e+03	7.00000e+01	6.24635e+00	1.55093e-01	2.52421e+09	1.99293e+04	-8.02648e+05	-8.85777e+01	4.31594e-11	-1.07162e-12
3.27962e+03	7.00000e+01	6.26304e+00	1.87917e-01	2.91663e+09	3.36164e+04	-1.12040e+06	-8.82814e+01	4.32748e-11	-1.29842e-12
2.34258e+03	7.00000e+01	6.28151e+00	2.33817e-01	3.28171e+09	5.81864e+04	-1.56318e+06	-8.78683e+01	4.34024e-11	-1.61557e-12
1.67328e+03	7.00000e+01	6.30286e+00	2.97401e-01	3.61211e+09	1.02826e+05	-2.17921e+06	-8.72985e+01	4.35499e-11	-2.05490e-12
1.19520e+03	7.00000e+01	6.32923e+00	3.83977e-01	3.91675e+09	1.84052e+05	-3.03379e+06	-8.65283e+01	4.37321e-11	-2.65311e-12
8.53712e+02	7.00000e+01	6.36318e+00	5.00167e-01	4.20963e+09	3.31247e+05	-4.21415e+06	-8.55056e+01	4.39667e-11	-3.45593e-12
6.09794e+02	7.00000e+01	6.40660e+00	6.54116e-01	4.50643e+09	5.95776e+05	-5.83520e+06	-8.41703e+01	4.42667e-11	-4.51965e-12
4.35567e+02	7.00000e+01	6.46014e+00	8.57088e-01	4.81493e+09	1.06728e+06	-8.04443e+06	-8.24425e+01	4.46366e-11	-5.92209e-12
3.11119e+02	7.00000e+01	6.52298e+00	1.12560e+00	5.13288e+09	1.90191e+06	-1.10219e+07	-8.02095e+01	4.50708e-11	-7.77735e-12
2.22228e+02	7.00000e+01	6.59265e+00	1.48560e+00	5.44464e+09	3.37165e+06	-1.49624e+07	-7.73009e+01	4.55522e-11	-1.02648e-11
1.58734e+02	7.00000e+01	6.66644e+00	1.97548e+00	5.73228e+09	5.92966e+06	-2.00102e+07	-7.34938e+01	4.60621e-11	-1.36497e-11
1.13382e+02	7.00000e+01	6.74243e+00	2.65038e+00	5.98163e+09	1.02589e+07	-2.60982e+07	-6.85407e+01	4.65872e-11	-1.83129e-11
8.09869e+01	7.00000e+01	6.81936e+00	3.58744e+00	6.18687e+09	1.71850e+07	-3.26669e+07	-6.22526e+01	4.71187e-11	-2.47876e-11
5.78478e+01	7.00000e+01	6.89754e+00	4.89565e+00	6.34707e+09	2.72474e+07	-3.83891e+07	-5.46341e+01	4.76588e-11	-3.38267e-11
4.13199e+01	7.00000e+01	6.97948e+00	6.72671e+00	6.46709e+09	3.99083e+07	-4.14079e+07	-4.60565e+01	4.82251e-11	-4.64785e-11
2.95142e+01	7.00000e+01	7.07400e+00	9.29109e+00	6.55501e+09	5.31742e+07	-4.04855e+07	-3.72847e+01	4.88781e-11	-6.41972e-11
2.10816e+01	7.00000e+01	7.19639e+00	1.28798e+01	6.61999e+09	6.46492e+07	-3.61216e+07	-2.91935e+01	4.97238e-11	-8.89939e-11
1.50583e+01	7.00000e+01	7.37814e+00	1.79014e+01	6.66822e+09	7.30418e+07	-3.01046e+07	-2.23993e+01	5.09796e-11	-1.23690e-10
1.07559e+01	7.00000e+01	7.65170e+00	2.48836e+01	6.71600e+09	7.86272e+07	-2.41778e+07	-1.70927e+01	5.28698e-11	-1.71934e-10
7.68279e+00	7.00000e+01	8.07812e+00	3.45588e+01	6.77007e+09	8.22601e+07	-1.92283e+07	-1.31567e+01	5.58161e-11	-2.38786e-10
5.48770e+00	7.00000e+01	8.69934e+00	4.79166e+01	6.83587e+09	8.48027e+07	-1.53961e+07	-1.02901e+01	6.01085e-11	-3.31082e-10
3.91979e+00	7.00000e+01	9.56194e+00	6.63322e+01	6.91327e+09	8.67864e+07	-1.25105e+07	-8.20281e+00	6.60687e-11	-4.58325e-10
2.79985e+00	7.00000e+01	1.06786e+01	9.18826e+01	6.98720e+09	8.83438e+07	-1.02674e+07	-6.62920e+00	7.37845e-11	-6.34867e-10
1.99989e+00	7.00000e+01	1.20154e+01	1.27303e+02	7.06036e+09	8.96757e+07	-8.46401e+06	-5.39187e+00	8.30211e-11	-8.79603e-10
1.42850e+00	7.00000e+01	1.35161e+01	1.76289e+02	7.13782e+09	9.09327e+07	-6.97181e+06	-4.38429e+00	9.33902e-11	-1.21808e-09
1.02035e+00	7.00000e+01	1.51732e+01	2.44835e+02	7.19528e+09	9.18508e+07	-5.69228e+06	-3.54626e+00	1.04840e-10	-1.69170e-09
7.28824e-01	7.00000e+01	1.70111e+01	3.40450e+02	7.24427e+09	9.26002e+07	-4.62690e+06	-2.86048e+00	1.17539e-10	-2.35236e-09
5.20588e-01	7.00000e+01	1.91461e+01	4.74262e+02	7.28044e+09	9.31430e+07	-3.76021e+06	-2.31179e+00	1.32291e-10	-3.27694e-09
5.00000e-01	7.00000e+01	1.93082e+01	4.93838e+02	7.27975e+09	9.31435e+07	-3.64176e+06	-2.23903e+00	1.33411e-10	-3.41220e-09
1.00000e+06	7.50000e+01	5.92422e+00	1.49549e-01	1.20195e+07	9.80881e+01	-3.88564e+03	-8.85539e+01	4.09337e-11	-1.03332e-12
7.14286e+05	7.50000e+01	5.95415e+00	1.34933e-01	1.86501e+07	1.22675e+02	-5.41323e+03	-8.87018e+01	4.11404e-11	-9.32327e-13
5.10204e+05	7.50000e+01	5.97723e+00	1.22367e-01	2.87914e+07	1.54564e+02	-7.54996e+03	-8.88272e+01	4.13000e-11	-8.45500e-13
3.64432e+05	7.50000e+01	6.00009e+00	1.11748e-01	4.41382e+07	1.96123e+02	-1.05304e+04	-8.89330e+01	4.14579e-11	-7.72128e-13
2.60308e+05	7.50000e+01	6.01951e+00	1.03400e-01	6.67824e+07	2.52437e+02	-1.46958e+04	-8.90159e+01	4.15921e-11	-7.14448e-13
1.85934e+05	7.50000e+01	6.03888e+00	9.68811e-02	9.97866e+07	3.29022e+02	-2.05089e+04	-8.90809e+01	4.17259e-11	-6.69404e-13
1.32810e+05	7.50000e+01	6.05535e+00	9.17079e-02	1.47582e+08	4.33678e+02	-2.86352e+04	-8.91323e+01	4.18397e-11	-6.33660e-13
9.48645e+04	7.50000e+01	6.07116e+00	8.82326e-02	2.14752e+08	5.81113e+02	-3.99856e+04	-8.91674e+01	4.19490e-11	-6.09647e-13
6.77604e+04	7.50000e+01	6.08746e+00	8.63387e-02	3.07248e+08	7.91846e+02	-5.58305e+04	-8.91874e+01	4.20616e-11	-5.96561e-13
4.84003e+04	7.50000e+01	6.10212e+00	8.63867e-02	4.29909e+08	1.10388e+03	-7.79750e+04	-8.91889e+01	4.21629e-11	-5.96893e-13
3.45716e+04	7.50000e+01	6.11677e+00	8.85953e-02	5.86868e+08	1.57734e+03	-1.08902e+05	-8.91702e+01	4.22641e-11	-6.12153e-13
2.46940e+04	7.50000e+01	6.13122e+00	9.33435e-02	7.79821e+08	2.31562e+03	-1.52101e+05	-8.91278e+01	4.23640e-11	-6.44961e-13
1.76386e+04	7.50000e+01	6.14679e+00	1.01191e-01	1.00708e+09	3.49650e+03	-2.12393e+05	-8.90569e+01	4.24715e-11	-6.99183e-13
1.25990e+04	7.50000e+01	6.16092e+00	1.12913e-01	1.26354e+09	5.43681e+03	-2.96650e+05	-8.89500e+01	4.25691e-11	-7.80180e-13
8.99928e+03	7.50000e+01	6.17590e+00	1.29478e-01	1.54265e+09	8.68494e+03	-4.14259e+05	-8.87990e+01	4.26727e-11	-8.94633e-13
6.42805e+03	7.50000e+01	6.19190e+00	1.52980e-01	1.82792e+09	1.42893e+04	-5.78366e+05	-8.85847e+01	4.27832e-11	-1.05702e-12
4.59147e+03	7.50000e+01	6.20775e+00	1.86093e-01	2.10372e+09	2.42042e+04	-8.07411e+05	-8.82829e+01	4.28927e-11	-1.28582e-12
3.27962e+03	7.50000e+01	6.22574e+00	2.32736e-01	2.35496e+09	4.21136e+04	-1.12655e+06	-8.78591e+01	4.30170e-11	-1.60810e-12
2.34258e+03	7.50000e+01	6.24723e+00	2.97239e-01	2.58148e+09	7.47180e+04	-1.57038e+06	-8.72760e+01	4.31655e-11	-2.05379e-12
1.67328e+03	7.50000e+01	6.27456e+00	3.84964e-01	2.79051e+09	1.34099e+05	-2.18569e+06	-8.64891e+01	4.33543e-11	-2.65992e-12
1.19520e+03	7.50000e+01	6.31093e+00	5.02144e-01	2.99504e+09	2.41453e+05	-3.03457e+06	-8.54507e+01	4.36056e-11	-3.46959e-12
8.53712e+02	7.50000e+01	6.35929e+00	6.55666e-01	3.21127e+09	4.32845e+05	-4.19816e+06	-8.41134e+01	4.39398e-11	-4.53035e-12
6.09794e+02	7.50000e+01	6.42071e+00	8.55029e-01	3.44752e+09	7.69784e+05	-5.78057e+06	-8.24147e+01	4.43642e-11	-5.90786e-12
4.35567e+02	7.50000e+01	6.49389e+00	1.11447e+00	3.70296e+09	1.35758e+06	-7.91051e+06	-8.02619e+01	4.48698e-11	-7.70045e-12
3.11119e+02	7.50000e+01	6.57553e+00	1.45702e+00	3.96531e+09	2.37811e+06	-1.07324e+07	-7.75061e+01	4.54339e-11	-1.00674e-11
2.22228e+02	7.50000e+01	6.66153e+00	1.91851e+00	4.21607e+09	4.13792e+06	-1.43679e+07	-7.39337e+01	4.60281e-11	-1.32560e-11
1.58734e+02	7.50000e+01	6.74829e+00	2.55093e+00	4.43917e+09	7.11221e+06	-1.88148e+07	-6.92929e+01	4.66276e-11	-1.76258e-11
1.13382e+02	7.50000e+01	6.83361e+00	3.42798e+00	4.62476e+09	1.19148e+07	-2.37519e+07	-6.33600e+01	4.72172e-11	-2.36858e-11
8.09869e+01	7.50000e+01	6.91627e+00	4.65333e+00	4.76971e+09	1.90462e+07	-2.83085e+07	-5.60670e+01	4.77883e-11	-3.21524e-11
5.78478e+01	7.50000e+01	6.99694e+00	6.37053e+00	4.87762e+09	2.83295e+07	-3.11151e+07	-4.76830e+01	4.83457e-11	-4.40175e-11
4.13199e+01	7.50000e+01	7.08109e+00	8.77998e+00	4.95471e+09	3.84695e+07	-3.10258e+07	-3.88863e+01	4.89271e-11	-6.06657e-11
2.95142e+01	7.50000e+01	7.17934e+00	1.21591e+01	5.00886e+09	4.75932e+07	-2.81015e+07	-3.05598e+01	4.96060e-11	-8.40138e-11
2.10816e+01	7.50000e+01	7.31595e+00	1.68996e+01	5.04536e+09	5.44493e+07	-2.35715e+07	-2.34082e+01	5.05499e-11	-1.16768e-10
1.50583e+01	7.50000e+01	7.51173e+00	2.35105e+01	5.07732e+09	5.90364e+07	-1.88624e+07	-1.77190e+01	5.19026e-11	-1.62447e-10
1.07559e+01	7.50000e+01	7.81186e+00	3.26838e+01	5.11318e+09	6.19818e+07	-1.48144e+07	-1.34423e+01	5.39764e-11	-2.25830e-10
7.68279e+00	7.50000e+01	8.28683e+00	4.54726e+01	5.14520e+09	6.38136e+07	-1.16292e+07	-1.03281e+01	5.72582e-11	-3.14195e-10
5.48770e+00	7.50000e+01	8.97933e+00	6.30932e+01	5.19156e+09	6.52062e+07	-9.28006e+06	-8.09986e+00	6.20431e-11	-4.35945e-10
3.91979e+00	7.50000e+01	9.92536e+00	8.76186e+01	5.23373e+09	6.62177e+07	-7.50109e+06	-6.46287e+00	6.85798e-11	-6.05405e-10
2.79985e+00	7.50000e+01	1.11112e+01	1.21561e+02	5.28130e+09	6.71162e+07	-6.13470e+06	-5.22256e+00	7.67734e-11	-8.39933e-10
1.99989e+00	7.50000e+01	1.24518e+01	1.68488e+02	5.33452e+09	6.79876e+07	-5.02452e+06	-4.22667e+00	8.60365e-11	-1.16417e-09
1.42850e+00	7.50000e+01	1.39716e+01	2.34097e+02	5.37521e+09	6.86358e+07	-4.09639e+06	-3.41553e+00	9.65376e-11	-1.61751e-09
1.02035e+00	7.50000e+01	1.56364e+01	3.25680e+02	5.40915e+09	6.91559e+07	-3.32028e+06	-2.74875e+00	1.08041e-10	-2.25030e-09
7.28824e-01	7.50000e+01	1.74470e+01	4.53674e+02	5.43631e+09	6.95605e+07	-2.67510e+06	-2.20235e+00	1.20551e-10	-3.13468e-09
5.20588e-01	7.50000e+01	1.96608e+01	6.30784e+02	5.47388e+09	7.00767e+07	-2.18421e+06	-1.78527e+00	1.35847e-10	-4.35843e-09
5.00000e-01	7.50000e+01	1.99108e+01	6.56746e+02	5.47398e+09	7.00817e+07	-2.12469e+06	-1.73652e+00	1.37574e-10	-4.53781e-09
1.00000e+06	8.00000e+01	5.89934e+00	1.34606e-01	1.33538e+07	8.90437e+01	-3.90249e+03	-8.86929e+01	4.07617e-11	-9.30068e-13
7.14286e+05	8.00000e+01	5.92675e+00	1.22023e-01	2.06232e+07	1.11976e+02	-5.43874e+03	-8.88205e+01	4.09511e-11	-8.43124e-13
5.10204e+05	8.00000e+01	5.94763e+00	1.11315e-01	3.16498e+07	1.42018e+02	-7.58806e+03	-8.89278e+01	4.10954e-11	-7.69139e-13
3.64432e+05	8.00000e+01	5.96855e+00	1.02368e-01	4.81826e+07	1.81574e+02	-1.05866e+04	-8.90174e+01	4.12399e-11	-7.07317e-13
2.60308e+05	8.00000e+01	5.98617e+00	9.54702e-02	7.23294e+07	2.35690e+02	-1.47783e+04	-8.90863e+01	4.13617e-11	-6.59656e-13
1.85934e+05	8.00000e+01	6.00405e+00	9.02183e-02	1.07156e+08	3.09969e+02	-2.06285e+04	-8.91391e+01	4.14853e-11	-6.23367e-13
1.32810e+05	8.00000e+01	6.01920e+00	8.65577e-02	1.56363e+08	4.14264e+02	-2.88078e+04	-8.91761e+01	4.15899e-11	-5.98074e-13
9.48645e+04	8.00000e+01	6.03414e+00	8.45653e-02	2.24065e+08	5.63823e+02	-4.02315e+04	-8.91971e+01	4.16932e-11	-5.84308e-13
6.77604e+04	8.00000e+01	6.04933e+00	8.44370e-02	3.14168e+08	7.84204e+02	-5.61828e+04	-8.92003e+01	4.17981e-11	-5.83421e-13
4.84003e+04	8.00000e+01	6.06279e+00	8.64500e-02	4.29594e+08	1.11906e+03	-7.84806e+04	-8.91831e+01	4.18911e-11	-5.97330e-13
3.45716e+04	8.00000e+01	6.07670e+00	9.11420e-02	5.70470e+08	1.64413e+03	-1.09619e+05	-8.91407e+01	4.19873e-11	-6.29749e-13
2.46940e+04	8.00000e+01	6.09073e+00	9.90194e-02	7.35121e+08	2.48912e+03	-1.53107e+05	-8.90686e+01	4.20842e-11	-6.84179e-13
1.76386e+04	8.00000e+01	6.10599e+00	1.10815e-01	9.19620e+08	3.88017e+03	-2.13800e+05	-8.89603e+01	4.21896e-11	-7.65681e-13
1.25990e+04	8.00000e+01	6.11992e+00	1.27496e-01	1.11902e+09	6.22087e+03	-2.98608e+05	-8.88065e+01	4.22859e-11	-8.80938e-13
8.99928e+03	8.00000e+01	6.13470e+00	1.51288e-01	1.32026e+09	1.02829e+04	-4.16971e+05	-8.85873e+01	4.23880e-11	-1.04533e-12
6.42805e+03	8.00000e+01	6.15087e+00	1.84863e-01	1.51266e+09	1.74935e+04	-5.82053e+05	-8.82785e+01	4.24997e-11	-1.27732e-12
4.59147e+03	8.00000e+01	6.16791e+00	2.32137e-01	1.68646e+09	3.05683e+04	-8.12206e+05	-8.78446e+01	4.26175e-11	-1.60396e-12
3.27962e+03	8.00000e+01	6.18935e+00	2.97747e-01	1.84077e+09	5.44628e+04	-1.13214e+06	-8.72458e+01	4.27656e-11	-2.05729e-12
2.34258e+03	8.00000e+01	6.21743e+00	3.86945e-01	1.98302e+09	9.80446e+04	-1.57538e+06	-8.64388e+01	4.29596e-11	-2.67361e-12
1.67328e+03	8.00000e+01	6.25603e+00	5.05892e-01	2.12347e+09	1.76780e+05	-2.18612e+06	-8.53769e+01	4.32264e-11	-3.49548e-12
1.19520e+03	8.00000e+01	6.30909e+00	6.60697e-01	2.27630e+09	3.16420e+05	-3.02154e+06	-8.40217e+01	4.35929e-11	-4.56511e-12
8.53712e+02	8.00000e+01	6.37886e+00	8.58676e-01	2.45205e+09	5.59247e+05	-4.15448e+06	-8.23333e+01	4.40750e-11	-5.93306e-12
6.09794e+02	8.00000e+01	6.46426e+00	1.11156e+00	2.65189e+09	9.75948e+05	-5.67562e+06	-8.02432e+01	4.46651e-11	-7.68036e-12
4.35567e+02	8.00000e+01	6.56106e+00	1.43900e+00	2.86785e+09	1.68664e+06	-7.69020e+06	-7.76295e+01	4.53339e-11	-9.94281e-12
3.11119e+02	8.00000e+01	6.66368e+00	1.87339e+00	3.08401e+09	2.89473e+06	-1.02966e+07	-7.42975e+01	4.60430e-11	-1.29443e-11
2.22228e+02	8.00000e+01	6.76664e+00	2.46345e+00	3.28343e+09	4.92399e+06	-1.35253e+07	-6.99955e+01	4.67544e-11	-1.70213e-11
1.58734e+02	8.00000e+01	6.86597e+00	3.27866e+00	3.45385e+09	8.21834e+06	-1.72103e+07	-6.44744e+01	4.74407e-11	-2.26540e-11
1.13382e+02	8.00000e+01	6.95950e+00	4.41672e+00	3.58945e+09	1.32065e+07	-2.08098e+07	-5.75995e+01	4.80869e-11	-3.05175e-11
8.09869e+01	8.00000e+01	7.04625e+00	6.01401e+00	3.69056e+09	1.99316e+07	-2.33526e+07	-4.95191e+01	4.86864e-11	-4.15541e-11
5.78478e+01	8.00000e+01	7.12968e+00	8.25807e+00	3.76275e+09	2.76257e+07	-2.38509e+07	-4.08060e+01	4.92628e-11	-5.70595e-11
4.13199e+01	8.00000e+01	7.21664e+00	1.14115e+01	3.81213e+09	3.48949e+07	-2.20675e+07	-3.23092e+01	4.98637e-11	-7.88485e-11
2.95142e+01	8.00000e+01	7.32551e+00	1.58443e+01	3.84386e+09	4.05820e+07	-1.87628e+07	-2.48132e+01	5.06159e-11	-1.09477e-10
2.10816e+01	8.00000e+01	7.46563e+00	2.20318e+01	3.87006e+09	4.44847e+07	-1.50739e+07	-1.87193e+01	5.15841e-11	-1.52230e-10
1.50583e+01	8.00000e+01	7.67676e+00	3.06603e+01	3.89331e+09	4.69475e+07	-1.17548e+07	-1.40568e+01	5.30429e-11	-2.11849e-10
1.07559e+01	8.00000e+01	8.02380e+00	4.27238e+01	3.91160e+09	4.84173e+07	-9.09308e+06	-1.06366e+01	5.54408e-11	-2.95202e-10
7.68279e+00	8.00000e+01	8.54039e+00	5.94084e+01	3.93826e+09	4.94448e+07	-7.10805e+06	-8.18064e+00	5.90102e-11	-4.10485e-10
5.48770e+00	8.00000e+01	9.30840e+00	8.26560e+01	3.96283e+09	5.01455e+07	-5.64720e+06	-6.42536e+00	6.43168e-11	-5.71115e-10
3.91979e+00	8.00000e+01	1.03238e+01	1.14864e+02	3.99230e+09	5.07491e+07	-4.56123e+06	-5.13582e+00	7.13325e-11	-7.93660e-10
2.79985e+00	8.00000e+01	1.15013e+01	1.59322e+02	4.02960e+09	5.13694e+07	-3.70831e+06	-4.12897e+00	7.94687e-11	-1.10084e-09
1.99989e+00	8.00000e+01	1.28982e+01	2.21517e+02	4.05748e+09	5.18187e+07	-3.01722e+06	-3.33237e+00	8.91207e-11	-1.53058e-09
1.42850e+00	8.00000e+01	1.43597e+01	3.08358e+02	4.08072e+09	5.21790e+07	-2.42989e+06	-2.66624e+00	9.92190e-11	-2.13061e-09
1.02035e+00	8.00000e+01	1.58780e+01	4.29640e+02	4.10030e+09	5.24714e+07	-1.93916e+06	-2.11649e+00	1.09710e-10	-2.96862e-09
7.28824e-01	8.00000e+01	1.78303e+01	5.97415e+02	4.12831e+09	5.28549e+07	-1.57749e+06	-1.70953e+00	1.23199e-10	-4.12787e-09
5.20588e-01	8.00000e+01	1.97454e+01	8.34248e+02	4.13886e+09	5.30075e+07	-1.25461e+06	-1.35585e+00	1.36432e-10	-5.76428e-09
5.00000e-01	8.00000e+01	1.99674e+01	8.68704e+02	4.13837e+09	5.30029e+07	-1.21829e+06	-1.31673e+00	1.37966e-10	-6.00235e-09
1.00000e+06	8.50000e+01	5.87267e+00	1.22030e-01	1.47300e+07	8.14667e+01	-3.92056e+03	-8.88096e+01	4.05775e-11	-8.43174e-13
7.14286e+05	8.50000e+01	5.89805e+00	1.11286e-01	2.26131e+07	1.03125e+02	-5.46557e+03	-8.89191e+01	4.07529e-11	-7.68933e-13
5.10204e+05	8.50000e+01	5.91700e+00	1.02163e-01	3.44852e+07	1.31701e+02	-7.62774e+03	-8.90108e+01	4.08838e-11	-7.05901e-13
3.64432e+05	8.50000e+01	5.93628e+00	9.46390e-02	5.21176e+07	1.69702e+02	-1.06446e+04	-8.90866e+01	4.10170e-11	-6.53913e-13
2.60308e+05	8.50000e+01	5.95242e+00	8.90128e-02	7.75765e+07	2.22255e+02	-1.48625e+04	-8.91433e+01	4.11285e-11	-6.15038e-13
1.85934e+05	8.50000e+01	5.96890e+00	8.51826e-02	1.13491e+08	2.96132e+02	-2.07505e+04	-8.91824e+01	4.12424e-11	-5.88573e-13
1.32810e+05	8.50000e+01	5.98290e+00	8.29316e-02	1.63200e+08	4.01746e+02	-2.89830e+04	-8.92058e+01	4.13391e-11	-5.73020e-13
9.48645e+04	8.50000e+01	5.99658e+00	8.25695e-02	2.29481e+08	5.57439e+02	-4.04838e+04	-8.92111e+01	4.14336e-11	-5.70517e-13
6.77604e+04	8.50000e+01	6.01087e+00	8.44599e-02	3.14083e+08	7.94484e+02	-5.65421e+04	-8.91950e+01	4.15324e-11	-5.83579e-13
4.84003e+04	8.50000e+01	6.02354e+00	8.89526e-02	4.17508e+08	1.16650e+03	-7.89908e+04	-8.91539e+01	4.16199e-11	-6.14622e-13
3.45716e+04	8.50000e+01	6.03687e+00	9.67325e-02	5.37500e+08	1.76802e+03	-1.10339e+05	-8.90820e+01	4.17121e-11	-6.68377e-13
2.46940e+04	8.50000e+01	6.05041e+00	1.08536e-01	6.70663e+08	2.76468e+03	-1.54118e+05	-8.89723e+01	4.18056e-11	-7.49937e-13
1.76386e+04	8.50000e+01	6.06532e+00	1.25522e-01	8.11875e+08	4.45381e+03	-2.15212e+05	-8.88144e+01	4.19086e-11	-8.67297e-13
1.25990e+04	8.50000e+01	6.07893e+00	1.49443e-01	9.54684e+08	7.38915e+03	-3.00570e+05	-8.85917e+01	4.20026e-11	-1.03258e-12
8.99928e+03	8.50000e+01	6.09377e+00	1.83415e-01	1.08900e+09	1.26309e+04	-4.19647e+05	-8.82760e+01	4.21052e-11	-1.26732e-12
6.42805e+03	8.50000e+01	6.11113e+00	2.31335e-01	1.20879e+09	2.21650e+04	-5.85528e+05	-8.78321e+01	4.22251e-11	-1.59842e-12
4.59147e+03	8.50000e+01	6.13113e+00	2.98068e-01	1.31342e+09	3.96853e+04	-8.16308e+05	-8.72167e+01	4.23633e-11	-2.05952e-12
3.27962e+03	8.50000e+01	6.15904e+00	3.89261e-01	1.40801e+09	7.17845e+04	-1.13580e+06	-8.63836e+01	4.25561e-11	-2.68962e-12
2.34258e+03	8.50000e+01	6.19855e+00	5.11082e-01	1.50136e+09	1.29910e+05	-1.57559e+06	-8.52865e+01	4.28292e-11	-3.53134e-12
1.67328e+03	8.50000e+01	6.25497e+00	6.69394e-01	1.60480e+09	2.32857e+05	-2.17587e+06	-8.38916e+01	4.32190e-11	-4.62521e-12
1.19520e+03	8.50000e+01	6.33203e+00	8.70434e-01	1.72781e+09	4.10630e+05	-2.98716e+06	-8.21729e+01	4.37515e-11	-6.01431e-12
8.53712e+02	8.50000e+01	6.43028e+00	1.12250e+00	1.87575e+09	7.10802e+05	-4.07186e+06	-8.00980e+01	4.44303e-11	-7.75594e-12
6.09794e+02	8.50000e+01	6.54527e+00	1.44176e+00	2.04453e+09	1.21241e+06	-5.50406e+06	-7.75775e+01	4.52248e-11	-9.96191e-12
4.35567e+02	8.50000e+01	6.66951e+00	1.85617e+00	2.22329e+09	2.04808e+06	-7.35906e+06	-7.44477e+01	4.60833e-11	-1.28253e-11
3.11119e+02	8.50000e+01	6.79549e+00	2.41060e+00	2.39672e+09	3.43283e+06	-9.67715e+06	-7.04686e+01	4.69537e-11	-1.66562e-11
2.22228e+02	8.50000e+01	6.91677e+00	3.17077e+00	2.55098e+09	5.67664e+06	-1.23831e+07	-6.53724e+01	4.77917e-11	-2.19086e-11
1.58734e+02	8.50000e+01	7.02884e+00	4.22917e+00	2.67759e+09	9.12013e+06	-1.51576e+07	-5.89652e+01	4.85661e-11	-2.92216e-11
1.13382e+02	8.50000e+01	7.13004e+00	5.71538e+00	2.77385e+09	1.39050e+07	-1.73467e+07	-5.12846e+01	4.92653e-11	-3.94907e-11
8.09869e+01	8.50000e+01	7.22139e+00	7.80768e+00	2.84272e+09	1.96328e+07	-1.81586e+07	-4.27660e+01	4.98965e-11	-5.39475e-11
5.78478e+01	8.50000e+01	7.30833e+00	1.07549e+01	2.88920e+09	2.53279e+07	-1.72112e+07	-3.41975e+01	5.04972e-11	-7.43114e-11
4.13199e+01	8.50000e+01	7.40456e+00	1.49072e+01	2.91820e+09	2.99948e+07	-1.48987e+07	-2.64140e+01	5.11621e-11	-1.03002e-10
2.95142e+01	8.50000e+01	7.51318e+00	2.07145e+01	2.94012e+09	3.32959e+07	-1.20765e+07	-1.99358e+01	5.19127e-11	-1.43128e-10
2.10816e+01	8.50000e+01	7.66566e+00	2.88409e+01	2.95637e+09	3.53845e+07	-9.40489e+06	-1.48846e+01	5.29662e-11	-1.99278e-10
1.50583e+01	8.50000e+01	7.91616e+00	4.02420e+01	2.96631e+09	3.65955e+07	-7.19885e+06	-1.11288e+01	5.46971e-11	-2.78054e-10
1.07559e+01	8.50000e+01	8.30237e+00	5.61094e+01	2.97844e+09	3.73493e+07	-5.52648e+06	-8.41684e+00	5.73656e-11	-3.87691e-10
7.68279e+00	8.50000e+01	8.88224e+00	7.80965e+01	2.99585e+09	3.78999e+07	-4.31052e+06	-6.48861e+00	6.13723e-11	-5.39612e-10
5.48770e+00	8.50000e+01	9.69189e+00	1.08720e+02	3.01279e+09	3.83029e+07	-3.41451e+06	-5.09417e+00	6.69666e-11	-7.51209e-10
3.91979e+00	8.50000e+01	1.07114e+01	1.51056e+02	3.03577e+09	3.87071e+07	-2.74473e+06	-4.05606e+00	7.40111e-11	-1.04373e-09
2.79985e+00	8.50000e+01	1.19068e+01	2.10275e+02	3.05316e+09	3.89995e+07	-2.20835e+06	-3.24092e+00	8.22707e-11	-1.45290e-09
1.99989e+00	8.50000e+01	1.31653e+01	2.92891e+02	3.06873e+09	3.92448e+07	-1.76404e+06	-2.57369e+00	9.09663e-11	-2.02374e-09
1.42850e+00	8.50000e+01	1.44997e+01	4.08363e+02	3.08138e+09	3.94365e+07	-1.40026e+06	-2.03353e+00	1.00186e-10	-2.82160e-09
1.02035e+00	8.50000e+01	1.62598e+01	5.68050e+02	3.10123e+09	3.97080e+07	-1.13660e+06	-1.63958e+00	1.12348e-10	-3.92497e-09
7.28824e-01	8.50000e+01	1.77700e+01	7.93567e+02	3.10788e+09	3.98058e+07	-8.91356e+05	-1.28279e+00	1.22783e-10	-5.48319e-09
5.20588e-01	8.50000e+01	1.95440e+01	1.10952e+03	3.11200e+09	3.98662e+07	-7.02236e+05	-1.00915e+00	1.35040e-10	-7.66630e-09
5.00000e-01	8.50000e+01	1.97742e+01	1.15584e+03	3.11030e+09	3.98451e+07	-6.81673e+05	-9.80124e-01	1.36631e-10	-7.98634e-09
1.00000e+06	9.00000e+01	5.83359e+00	1.11207e-01	1.61636e+07	7.52443e+01	-3.94709e+03	-8.89079e+01	4.03074e-11	-7.68390e-13
7.14286e+05	9.00000e+01	5.85834e+00	1.01499e-01	2.47936e+07	9.53411e+01	-5.50293e+03	-8.90074e+01	4.04784e-11	-7.01309e-13
5.10204e+05	9.00000e+01	5.87563e+00	9.38358e-02	3.75455e+07	1.22680e+02	-7.68177e+03	-8.90850e+01	4.05980e-11	-6.48363e-13
3.64432e+05	9.00000e+01	5.89328e+00	8.76294e-02	5.62866e+07	1.59439e+02	-1.07226e+04	-8.91481e+01	4.07199e-11	-6.05479e-13
2.60308e+05	9.00000e+01	5.90801e+00	8.35343e-02	8.26643e+07	2.11728e+02	-1.49746e+04	-8.91899e+01	4.08216e-11	-5.77184e-13
1.85934e+05	9.00000e+01	5.92324e+00	8.10383e-02	1.19295e+08	2.86089e+02	-2.09108e+04	-8.92162e+01	4.09269e-11	-5.59938e-13
1.32810e+05	9.00000e+01	5.93596e+00	8.04344e-02	1.68266e+08	3.95839e+02	-2.92125e+04	-8.92237e+01	4.10148e-11	-5.55765e-13
9.48645e+04	9.00000e+01	5.94865e+00	8.20119e-02	2.31042e+08	5.62632e+02	-4.08100e+04	-8.92101e+01	4.11024e-11	-5.66665e-13
6.77604e+04	9.00000e+01	5.96216e+00	8.62833e-02	3.07446e+08	8.24941e+02	-5.70033e+04	-8.91709e+01	4.11958e-11	-5.96178e-13
4.84003e+04	9.00000e+01	5.97420e+00	9.37924e-02	3.95964e+08	1.25033e+03	-7.96409e+04	-8.91006e+01	4.12790e-11	-6.48063e-13
3.45716e+04	9.00000e+01	5.98706e+00	1.05404e-01	4.93279e+08	1.95861e+03	-1.11251e+05	-8.89914e+01	4.13678e-11	-7.28295e-13
2.46940e+04	9.00000e+01	6.00031e+00	1.22215e-01	5.95602e+08	3.16501e+03	-1.55391e+05	-8.88332e+01	4.14594e-11	-8.44447e-13
1.76386e+04	9.00000e+01	6.01486e+00	1.46157e-01	6.97251e+08	5.27251e+03	-2.16983e+05	-8.86080e+01	4.15600e-11	-1.00987e-12
1.25990e+04	9.00000e+01	6.02837e+00	1.79806e-01	7.93471e+08	9.03761e+03	-3.03005e+05	-8.82916e+01	4.16533e-11	-1.24238e-12
8.99928e+03	9.00000e+01	6.04383e+00	2.27477e-01	8.78063e+08	1.59170e+04	-4.22899e+05	-8.78445e+01	4.17601e-11	-1.57176e-12
6.42805e+03	9.00000e+01	6.06373e+00	2.94164e-01	9.50610e+08	2.86009e+04	-5.89563e+05	-8.72226e+01	4.18976e-11	-2.03254e-12
4.59147e+03	9.00000e+01	6.08918e+00	3.86207e-01	1.01367e+09	5.20449e+04	-8.20572e+05	-8.63709e+01	4.20735e-11	-2.66852e-12
3.27962e+03	9.00000e+01	6.12696e+00	5.09894e-01	1.07490e+09	9.47414e+04	-1.13843e+06	-8.52427e+01	4.23345e-11	-3.52313e-12
2.34258e+03	9.00000e+01	6.18298e+00	6.72130e-01	1.14162e+09	1.70856e+05	-1.57172e+06	-8.37959e+01	4.27216e-11	-4.64411e-12
1.67328e+03	9.00000e+01	6.26306e+00	8.78572e-01	1.22272e+09	3.02374e+05	-2.15553e+06	-8.20147e+01	4.32749e-11	-6.07053e-12
1.19520e+03	9.00000e+01	6.37040e+00	1.13563e+00	1.32433e+09	5.22693e+05	-2.93210e+06	-7.98923e+01	4.40166e-11	-7.84667e-12
8.53712e+02	9.00000e+01	6.50243e+00	1.45428e+00	1.44781e+09	8.83808e+05	-3.95172e+06	-7.73932e+01	4.49289e-11	-1.00484e-11
6.09794e+02	9.00000e+01	6.65111e+00	1.85734e+00	1.58707e+09	1.47123e+06	-5.26843e+06	-7.43974e+01	4.59562e-11	-1.28334e-11
4.35567e+02	9.00000e+01	6.80588e+00	2.38382e+00	1.73118e+09	2.42417e+06	-6.92110e+06	-7.06968e+01	4.70255e-11	-1.64711e-11
3.11119e+02	9.00000e+01	6.95711e+00	3.09438e+00	1.86711e+09	3.95153e+06	-8.88423e+06	-6.60215e+01	4.80705e-11	-2.13808e-11
2.22228e+02	9.00000e+01	7.09727e+00	4.07664e+00	1.98413e+09	6.30757e+06	-1.09812e+07	-6.01272e+01	4.90389e-11	-2.81677e-11
1.58734e+02	9.00000e+01	7.22187e+00	5.45305e+00	2.07663e+09	9.66279e+06	-1.27971e+07	-5.29444e+01	4.98998e-11	-3.76781e-11
1.13382e+02	9.00000e+01	7.33102e+00	7.39274e+00	2.14448e+09	1.38554e+07	-1.37397e+07	-4.47598e+01	5.06540e-11	-5.10804e-11
8.09869e+01	9.00000e+01	7.42787e+00	1.01292e+01	2.19120e+09	1.82598e+07	-1.33902e+07	-3.62531e+01	5.13232e-11	-6.99880e-11
5.78478e+01	9.00000e+01	7.51985e+00	1.39835e+01	2.22212e+09	2.20877e+07	-1.18780e+07	-2.82698e+01	5.19587e-11	-9.66197e-11
4.13199e+01	9.00000e+01	7.62030e+00	1.94074e+01	2.24153e+09	2.48870e+07	-9.77187e+06	-2.14374e+01	5.26528e-11	-1.34096e-10
2.95142e+01	9.00000e+01	7.74941e+00	2.70220e+01	2.25383e+09	2.66868e+07	-7.65328e+06	-1.60019e+01	5.35449e-11	-1.86710e-10
2.10816e+01	9.00000e+01	7.92891e+00	3.76540e+01	2.26442e+09	2.77852e+07	-5.85081e+06	-1.18912e+01	5.47852e-11	-2.60172e-10
1.50583e+01	9.00000e+01	8.21504e+00	5.25288e+01	2.27247e+09	2.84252e+07	-4.44546e+06	-8.88855e+00	5.67622e-11	-3.62950e-10
1.07559e+01	9.00000e+01	8.64437e+00	7.31391e+01	2.28494e+09	2.88768e+07	-3.41298e+06	-6.74057e+00	5.97287e-11	-5.05358e-10
7.68279e+00	9.00000e+01	9.29595e+00	1.01971e+02	2.29444e+09	2.91596e+07	-2.65828e+06	-5.20885e+00	6.42308e-11	-7.04571e-10
5.48770e+00	9.00000e+01	1.01337e+01	1.41855e+02	2.30906e+09	2.94391e+07	-2.10305e+06	-4.08611e+00	7.00195e-11	-9.80154e-10
3.91979e+00	9.00000e+01	1.11711e+01	1.97648e+02	2.32015e+09	2.96367e+07	-1.67507e+06	-3.23492e+00	7.71871e-11	-1.36566e-09
2.79985e+00	9.00000e+01	1.22873e+01	2.75461e+02	2.33064e+09	2.98066e+07	-1.32956e+06	-2.55406e+00	8.48997e-11	-1.90331e-09
1.99989e+00	9.00000e+01	1.34489e+01	3.84134e+02	2.33981e+09	2.99467e+07	-1.04846e+06	-2.00516e+00	9.29255e-11	-2.65419e-09
1.42850e+00	9.00000e+01	1.52228e+01	5.34286e+02	2.35515e+09	3.01554e+07	-8.59182e+05	-1.63202e+00	1.05182e-10	-3.69168e-09
1.02035e+00	9.00000e+01	1.64597e+01	7.46385e+02	2.36025e+09	3.02306e+07	-6.66663e+05	-1.26332e+00	1.13729e-10	-5.15718e-09
7.28824e-01	9.00000e+01	1.78996e+01	1.04350e+03	2.36351e+09	3.02781e+07	-5.19374e+05	-9.82723e-01	1.23678e-10	-7.21010e-09
5.20588e-01	9.00000e+01	1.96629e+01	1.45988e+03	2.36515e+09	3.03026e+07	-4.08141e+05	-7.71661e-01	1.35862e-10	-1.00871e-08
5.00000e-01	9.00000e+01	1.98687e+01	1.52093e+03	2.36369e+09	3.02843e+07	-3.95619e+05	-7.48442e-01	1.37284e-10	-1.05089e-08
1.00000e+06	9.50000e+01	5.79339e+00	1.00913e-01	1.78125e+07	6.92340e+01	-3.97472e+03	-8.90021e+01	4.00297e-11	-6.97260e-13
7.14286e+05	9.50000e+01	5.81494e+00	9.30628e-02	2.70410e+07	8.87305e+01	-5.54424e+03	-8.90831e+01	4.01786e-11	-6.43021e-13
5.10204e+05	9.50000e+01	5.83054e+00	8.67094e-02	4.06313e+07	1.15128e+02	-7.74144e+03	-8.91480e+01	4.02864e-11	-5.99123e-13
3.64432e+05	9.50000e+01	5.84679e+00	8.17775e-02	6.03144e+07	1.51171e+02	-1.08082e+04	-8.91987e+01	4.03987e-11	-5.65046e-13
2.60308e+05	9.50000e+01	5.86005e+00	7.89493e-02	8.74651e+07	2.03399e+02	-1.50974e+04	-8.92281e+01	4.04903e-11	-5.45504e-13
1.85934e+05	9.50000e+01	5.87399e+00	7.79748e-02	1.23982e+08	2.79913e+02	-2.10863e+04	-8.92395e+01	4.05866e-11	-5.38770e-13
1.32810e+05	9.50000e+01	5.88560e+00	7.91222e-02	1.71057e+08	3.96075e+02	-2.94625e+04	-8.92298e+01	4.06668e-11	-5.46698e-13
9.48645e+04	9.50000e+01	5.89730e+00	8.28709e-02	2.28647e+08	5.78464e+02	-4.11650e+04	-8.91949e+01	4.07477e-11	-5.72600e-13
6.77604e+04	9.50000e+01	5.90998e+00	8.99635e-02	2.94869e+08	8.75363e+02	-5.75053e+04	-8.91279e+01	4.08353e-11	-6.21607e-13
4.84003e+04	9.50000e+01	5.92138e+00	1.00927e-01	3.67974e+08	1.36948e+03	-8.03477e+04	-8.90235e+01	4.09141e-11	-6.97358e-13
3.45716e+04	9.50000e+01	5.93366e+00	1.17066e-01	4.44139e+08	2.21447e+03	-1.12243e+05	-8.88697e+01	4.09989e-11	-8.08875e-13
2.46940e+04	9.50000e+01	5.94629e+00	1.40137e-01	5.19430e+08	3.69487e+03	-1.56781e+05	-8.86500e+01	4.10861e-11	-9.68281e-13
1.76386e+04	9.50000e+01	5.96039e+00	1.72735e-01	5.89967e+08	6.34413e+03	-2.18911e+05	-8.83400e+01	4.11836e-11	-1.19352e-12
1.25990e+04	9.50000e+01	5.97370e+00	2.18803e-01	6.52051e+08	1.11949e+04	-3.05640e+05	-8.79023e+01	4.12756e-11	-1.51183e-12
8.99928e+03	9.50000e+01	5.99048e+00	2.83765e-01	7.03890e+08	2.01941e+04	-4.26313e+05	-8.72880e+01	4.13915e-11	-1.96069e-12
6.42805e+03	9.50000e+01	6.01349e+00	3.74068e-01	7.47551e+08	3.69243e+04	-5.93591e+05	-8.64405e+01	4.15505e-11	-2.58464e-12
4.59147e+03	9.50000e+01	6.04566e+00	4.97407e-01	7.87059e+08	6.78130e+04	-8.24224e+05	-8.52966e+01	4.17728e-11	-3.43686e-12
3.27962e+03	9.50000e+01	6.09579e+00	6.61676e-01	8.28327e+08	1.23608e+05	-1.13876e+06	-8.38050e+01	4.21191e-11	-4.57188e-12
2.34258e+03	9.50000e+01	6.17124e+00	8.74321e-01	8.77616e+08	2.21294e+05	-1.56197e+06	-8.19362e+01	4.26405e-11	-6.04116e-12
1.67328e+03	9.50000e+01	6.27900e+00	1.14149e+00	9.41089e+08	3.85811e+05	-2.12223e+06	-7.96964e+01	4.33850e-11	-7.88719e-12
1.19520e+03	9.50000e+01	6.42067e+00	1.47132e+00	1.02217e+09	6.53509e+05	-2.85184e+06	-7.70933e+01	4.43639e-11	-1.01661e-11
8.53712e+02	9.50000e+01	6.59097e+00	1.87880e+00	1.12067e+09	1.07923e+06	-3.78600e+06	-7.40894e+01	4.55406e-11	-1.29817e-11
6.09794e+02	9.50000e+01	6.77769e+00	2.39556e+00	1.23050e+09	1.75108e+06	-4.95430e+06	-7.05342e+01	4.68307e-11	-1.65522e-11
4.35567e+02	9.50000e+01	6.96689e+00	3.07577e+00	1.34172e+09	2.80451e+06	-6.35246e+06	-6.61793e+01	4.81380e-11	-2.12522e-11
3.11119e+02	9.50000e+01	7.14611e+00	4.00131e+00	1.44392e+09	4.41641e+06	-7.88746e+06	-6.07543e+01	4.93764e-11	-2.76472e-11
2.22228e+02	9.50000e+01	7.30668e+00	5.28962e+00	1.52914e+09	6.73820e+06	-9.30764e+06	-5.40976e+01	5.04859e-11	-3.65489e-11
1.58734e+02	9.50000e+01	7.44556e+00	7.10307e+00	1.59424e+09	9.73399e+06	-1.02033e+07	-4.63486e+01	5.14454e-11	-4.90790e-11
1.13382e+02	9.50000e+01	7.56403e+00	9.66525e+00	1.64027e+09	1.30354e+07	-1.02015e+07	-3.80468e+01	5.22640e-11	-6.67825e-11
8.09869e+01	9.50000e+01	7.66823e+00	1.32827e+01	1.67097e+09	1.60600e+07	-9.27161e+06	-2.99983e+01	5.29840e-11	-9.17773e-11
5.78478e+01	9.50000e+01	7.76929e+00	1.83819e+01	1.69042e+09	1.83786e+07	-7.76789e+06	-2.29118e+01	5.36823e-11	-1.27011e-10
4.13199e+01	9.50000e+01	7.88479e+00	2.55601e+01	1.70196e+09	1.99146e+07	-6.14327e+06	-1.71440e+01	5.44803e-11	-1.76609e-10
2.95142e+01	9.50000e+01	8.02849e+00	3.55980e+01	1.71086e+09	2.08626e+07	-4.70518e+06	-1.27094e+01	5.54732e-11	-2.45966e-10
2.10816e+01	9.50000e+01	8.24884e+00	4.96650e+01	1.71679e+09	2.14091e+07	-3.55583e+06	-9.43014e+00	5.69957e-11	-3.43163e-10
1.50583e+01	9.50000e+01	8.57625e+00	6.91978e+01	1.72506e+09	2.17712e+07	-2.69829e+06	-7.06511e+00	5.92580e-11	-4.78125e-10
1.07559e+01	9.50000e+01	9.09030e+00	9.65679e+01	1.73058e+09	2.19816e+07	-2.06921e+06	-5.37762e+00	6.28098e-11	-6.67240e-10
7.68279e+00	9.50000e+01	9.78922e+00	1.34493e+02	1.73961e+09	2.21747e+07	-1.61401e+06	-4.16300e+00	6.76391e-11	-9.29285e-10
5.48770e+00	9.50000e+01	1.06904e+01	1.87565e+02	1.74633e+09	2.23059e+07	-1.27134e+06	-3.26208e+00	7.38658e-11	-1.29599e-09
3.91979e+00	9.50000e+01	1.17142e+01	2.61585e+02	1.75305e+09	2.24195e+07	-1.00398e+06	-2.56408e+00	8.09396e-11	-1.80743e-09
2.79985e+00	9.50000e+01	1.27817e+01	3.64927e+02	1.75926e+09	2.25164e+07	-7.88642e+05	-2.00598e+00	8.83155e-11	-2.52148e-09
1.99989e+00	9.50000e+01	1.46367e+01	5.07643e+02	1.77054e+09	2.26696e+07	-6.53627e+05	-1.65153e+00	1.01133e-10	-3.50759e-09
1.42850e+00	9.50000e+01	1.58081e+01	7.09243e+02	1.77418e+09	2.27238e+07	-5.06486e+05	-1.27684e+00	1.09227e-10	-4.90054e-09
1.02035e+00	9.50000e+01	1.70225e+01	9.91590e+02	1.77659e+09	2.27594e+07	-3.90707e+05	-9.83493e-01	1.17618e-10	-6.85144e-09
7.28824e-01	9.50000e+01	1.85470e+01	1.38716e+03	1.77796e+09	2.27795e+07	-3.04572e+05	-7.66025e-01	1.28151e-10	-9.58466e-09
5.20588e-01	9.50000e+01	2.04655e+01	1.94159e+03	1.77835e+09	2.27861e+07	-2.40178e+05	-6.03906e-01	1.41407e-10	-1.34155e-08
5.00000e-01	9.50000e+01	2.06825e+01	2.02293e+03	1.77713e+09	2.27706e+07	-2.32807e+05	-5.85773e-01	1.42906e-10	-1.39775e-08
1.00000e+06	1.00000e+02	5.74760e+00	9.20010e-02	1.95379e+07	6.41326e+01	-4.00657e+03	-8.90830e+01	3.97133e-11	-6.35685e-13
7.14286e+05	1.00000e+02	5.76746e+00	8.53695e-02	2.94779e+07	8.27442e+01	-5.59009e+03	-8.91520e+01	3.98505e-11	-5.89865e-13
5.10204e+05	1.00000e+02	5.78159e+00	8.02412e-02	4.39065e+07	1.08354e+02	-7.80720e+03	-8.92049e+01	3.99482e-11	-5.54430e-13
3.64432e+05	1.00000e+02	5.79642e+00	7.65727e-02	6.44141e+07	1.44023e+02	-1.09023e+04	-8.92431e+01	4.00506e-11	-5.29083e-13
2.60308e+05	1.00000e+02	5.80846e+00	7.50770e-02	9.19764e+07	1.96877e+02	-1.52317e+04	-8.92595e+01	4.01338e-11	-5.18748e-13
1.85934e+05	1.00000e+02	5.82133e+00	7.57153e-02	1.27681e+08	2.76743e+02	-2.12772e+04	-8.92548e+01	4.02227e-11	-5.23158e-13
1.32810e+05	1.00000e+02	5.83190e+00	7.88345e-02	1.71681e+08	4.01935e+02	-2.97337e+04	-8.92255e+01	4.02958e-11	-5.44711e-13
9.48645e+04	1.00000e+02	5.84280e+00	8.50850e-02	2.22697e+08	6.05042e+02	-4.15484e+04	-8.91657e+01	4.03711e-11	-5.87899e-13
6.77604e+04	1.00000e+02	5.85492e+00	9.52024e-02	2.78642e+08	9.43815e+02	-5.80443e+04	-8.90684e+01	4.04548e-11	-6.57806e-13
4.84003e+04	1.00000e+02	5.86575e+00	1.10169e-01	3.37104e+08	1.52329e+03	-8.11048e+04	-8.89240e+01	4.05296e-11	-7.61217e-13
3.45716e+04	1.00000e+02	5.87747e+00	1.31696e-01	3.94800e+08	2.53879e+03	-1.13303e+05	-8.87164e+01	4.06106e-11	-9.09961e-13
2.46940e+04	1.00000e+02	5.88940e+00	1.62219e-01	4.48722e+08	4.35922e+03	-1.58263e+05	-8.84222e+01	4.06931e-11	-1.12086e-12
1.76386e+04	1.00000e+02	5.90317e+00	2.05551e-01	4.95778e+08	7.69360e+03	-2.20951e+05	-8.80057e+01	4.07882e-11	-1.42026e-12
1.25990e+04	1.00000e+02	5.91683e+00	2.66620e-01	5.35109e+08	1.38953e+04	-3.08365e+05	-8.74199e+01	4.08826e-11	-1.84223e-12
8.99928e+03	1.00000e+02	5.93534e+00	3.52187e-01	5.67139e+08	2.54988e+04	-4.29726e+05	-8.66042e+01	4.10105e-11	-2.43345e-12
6.42805e+03	1.00000e+02	5.96270e+00	4.70696e-01	5.94088e+08	4.71463e+04	-5.97242e+05	-8.54864e+01	4.11995e-11	-3.25229e-12
4.59147e+03	1.00000e+02	6.00308e+00	6.31266e-01	6.20165e+08	8.69173e+04	-8.26549e+05	-8.39970e+01	4.14786e-11	-4.36176e-12
3.27962e+03	1.00000e+02	6.06691e+00	8.43514e-01	6.49763e+08	1.57903e+05	-1.13570e+06	-8.20846e+01	4.19196e-11	-5.82830e-12
2.34258e+03	1.00000e+02	6.16361e+00	1.11614e+00	6.87474e+08	2.79712e+05	-1.54464e+06	-7.97358e+01	4.25878e-11	-7.71203e-12
1.67328e+03	1.00000e+02	6.29993e+00	1.45705e+00	7.37275e+08	4.79706e+05	-2.07414e+06	-7.69776e+01	4.35296e-11	-1.00675e-11
1.19520e+03	1.00000e+02	6.47596e+00	1.87784e+00	8.00889e+08	7.96012e+05	-2.74514e+06	-7.38294e+01	4.47460e-11	-1.29750e-11
8.53712e+02	1.00000e+02	6.68311e+00	2.40095e+00	8.76952e+08	1.28460e+06	-3.57571e+06	-7.02388e+01	4.61772e-11	-1.65895e-11
6.09794e+02	1.00000e+02	6.90543e+00	3.07073e+00	9.59944e+08	2.03088e+06	-4.56702e+06	-6.60261e+01	4.77133e-11	-2.12173e-11
4.35567e+02	1.00000e+02	7.12536e+00	3.96111e+00	1.04184e+09	3.15184e+06	-5.66963e+06	-6.09296e+01	4.92330e-11	-2.73694e-11
3.11119e+02	1.00000e+02	7.32807e+00	5.18254e+00	1.11481e+09	4.76289e+06	-6.73468e+06	-5.47314e+01	5.06336e-11	-3.58090e-11
2.22228e+02	1.00000e+02	7.50537e+00	6.89152e+00	1.17370e+09	6.88003e+06	-7.49286e+06	-4.74415e+01	5.18587e-11	-4.76172e-11
1.58734e+02	1.00000e+02	7.65496e+00	9.30341e+00	1.21719e+09	9.30078e+06	-7.65279e+06	-3.94480e+01	5.28923e-11	-6.42823e-11
1.13382e+02	1.00000e+02	7.78119e+00	1.27134e+01	1.24700e+09	1.16249e+07	-7.11502e+06	-3.14686e+01	5.37644e-11	-8.78435e-11
8.09869e+01	1.00000e+02	7.89713e+00	1.75362e+01	1.26567e+09	1.34843e+07	-6.07240e+06	-2.42436e+01	5.45656e-11	-1.21167e-10
5.78478e+01	1.00000e+02	8.00707e+00	2.43148e+01	1.27795e+09	1.47740e+07	-4.86521e+06	-1.82271e+01	5.53252e-11	-1.68004e-10
4.13199e+01	1.00000e+02	8.12630e+00	3.37974e+01	1.28715e+09	1.55926e+07	-3.74911e+06	-1.35196e+01	5.61490e-11	-2.33525e-10
2.95142e+01	1.00000e+02	8.30744e+00	4.71417e+01	1.29192e+09	1.60566e+07	-2.82954e+06	-9.99422e+00	5.74006e-11	-3.25727e-10
2.10816e+01	1.00000e+02	8.56670e+00	6.57156e+01	1.29748e+09	1.63486e+07	-2.13121e+06	-7.42721e+00	5.91920e-11	-4.54065e-10
1.50583e+01	1.00000e+02	8.97850e+00	9.17543e+01	1.30098e+09	1.65132e+07	-1.61587e+06	-5.58881e+00	6.20373e-11	-6.33981e-10
1.07559e+01	1.00000e+02	9.56822e+00	1.28073e+02	1.30487e+09	1.66283e+07	-1.24229e+06	-4.27257e+00	6.61120e-11	-8.84927e-10
7.68279e+00	1.00000e+02	1.03188e+01	1.78438e+02	1.31119e+09	1.67462e+07	-9.68406e+05	-3.30964e+00	7.12981e-11	-1.23292e-09
5.48770e+00	1.00000e+02	1.12186e+01	2.48945e+02	1.31576e+09	1.68265e+07	-7.58280e+05	-2.58026e+00	7.75154e-11	-1.72010e-09
3.91979e+00	1.00000e+02	1.21725e+01	3.47422e+02	1.31993e+09	1.68934e+07	-5.91891e+05	-2.00663e+00	8.41066e-11	-2.40053e-09
2.79985e+00	1.00000e+02	1.31307e+01	4.85198e+02	1.32317e+09	1.69433e+07	-4.58528e+05	-1.55019e+00	9.07269e-11	-3.35250e-09
1.99989e+00	1.00000e+02	1.52505e+01	6.75471e+02	1.33063e+09	1.70426e+07	-3.84780e+05	-1.29338e+00	1.05374e-10	-4.66720e-09
1.42850e+00	1.00000e+02	1.63277e+01	9.44385e+02	1.33243e+09	1.70692e+07	-2.95113e+05	-9.90499e-01	1.12817e-10	-6.52527e-09
1.02035e+00	1.00000e+02	1.75882e+01	1.32107e+03	1.33351e+09	1.70851e+07	-2.27464e+05	-7.62768e-01	1.21526e-10	-9.12799e-09
7.28824e-01	1.00000e+02	1.92168e+01	1.84903e+03	1.33384e+09	1.70906e+07	-1.77622e+05	-5.95451e-01	1.32780e-10	-1.27759e-08
5.20588e-01	1.00000e+02	2.13339e+01	2.58877e+03	1.33378e+09	1.70904e+07	-1.40841e+05	-4.72160e-01	1.47407e-10	-1.78872e-08
5.00000e-01	1.00000e+02	2.16134e+01	2.69765e+03	1.33265e+09	1.70760e+07	-1.36812e+05	-4.59039e-01	1.49339e-10	-1.86396e-08